Epoch Time,x,y,z
1712268667.9963353,0.3474170300695631,-0.10971942709551917,-0.1545506715774536
1712268667.9973543,0.6427305274539523,-0.21199069089359707,-0.21093996034728155
1712268667.9983735,0.9079171551598443,-0.30935853719711304,-0.26347657044728595
1712268667.9993925,1.1289644241333008,-0.3720522258016798,-0.2974502576722039
1712268668.0004117,1.2932610511779785,-0.41548248794343734,-0.2963995271258884
1712268668.0014307,1.387144856982761,-0.46066396766238743,-0.3020034233729045
1712268668.00245,1.415169768863254,-0.46031372414694893,-0.29990196228027344
1712268668.003469,1.3755844699011908,-0.4529586103227403,-0.2886941366725498
1712268668.0044882,1.2676881419287787,-0.4522581232918633,-0.2788873182402717
1712268668.0055072,1.0967356628841824,-0.4028737213876512,-0.25787265764342415
1712268668.0065262,0.8690324756834242,-0.31391170289781356,-0.21234093440903556
1712268668.0075455,0.5884320868386163,-0.22249801291359794,-0.16856042875183952
1712268668.0085645,0.27280045880211723,-0.12372919254832797,-0.14544432361920676
1712268668.0095837,-0.052979886531829834,0.010416325595643785,-0.11707454919815063
1712268668.0106027,-0.37240246931711835,0.13302572899394566,-0.07014184362358517
1712268668.011622,-0.668358736568027,0.24512575732337102,-0.028813046713670094
1712268668.012641,-0.9215851624806721,0.37894517183303833,0.025830080525742635
1712268668.01366,-1.1166711648305256,0.47913455300860935,0.07872728010018666
1712268668.0146792,-1.2532663345336914,0.5264267656538222,0.10815353857146369
1712268668.0156982,-1.3236653804779053,0.5512989560763041,0.12917229698763952
1712268668.0167174,-1.3310204611884222,0.5751202503840128,0.15824824571609497
1712268668.0177364,-1.2858389483557806,0.5586555269029405,0.1918782459364997
1712268668.0187557,-1.1933745278252494,0.5120639668570625,0.18697387642330593
1712268668.0197747,-1.0515257385041978,0.46442144446902806,0.17436260978380838
1712268668.020794,-0.8623939090304904,0.36423203017976546,0.14038229982058206
1712268668.021813,-0.6361362669203017,0.24022138781017727,0.08538322316275702
1712268668.022832,-0.37835660907957286,0.1277710414595074,0.03774070905314551
1712268668.0238512,-0.09605990515814887,0.010416325595643785,-0.0120013321025504
1712268668.0248702,0.19292919172181022,-0.12337894075446658,-0.07714673048920101
1712268668.0258894,0.47913455300860935,-0.24806583921114603,-0.164707750082016
1712268668.0269084,0.753078990512424,-0.3384288152058919,-0.2291526562637753
1712268668.0279276,0.9923424985673692,-0.4340454273753696,-0.28484145800272626
1712268668.0289466,1.179759767320421,-0.48693229754765827,-0.3303731812371148
1712268668.0299656,1.3086748123168945,-0.4827293422487047,-0.344032711452908
1712268668.0309849,1.3748839166429307,-0.4851810799704658,-0.3524385558234321
1712268668.0320039,1.3769857088724773,-0.4743234978781806,-0.3615449203385247
1712268668.033023,1.3149804539150662,-0.430192748705546,-0.35173806879255504
1712268668.0340421,1.1909698115454779,-0.3559409909778171,-0.30340439743465847
1712268668.0350614,1.0039028194215562,-0.28624243206448025,-0.24666484859254625
1712268668.0360804,0.7649896542231241,-0.1920267773999108,-0.19728044668833414
1712268668.0370996,0.4843892653783162,-0.08134965267446306,-0.1387896802690294
1712268668.0381186,0.17926699585384792,-0.002894986213909255,-0.09010575711727142
1712268668.0391376,-0.14509408010376823,0.08853603568341997,-0.04387354271279441
1712268668.0401568,-0.4582122630543179,0.197833561235004,0.017072265553805564
1712268668.0411758,-0.748564600944519,0.29136700762642753,0.06856821477413177
1712268668.042195,-0.9961871306101481,0.3516207800971137,0.09238946768972608
1712268668.043214,-1.1832174989912245,0.41187455256779987,0.09834478298823038
1712268668.0442333,-1.300549242231581,0.462319552898407,0.11936354140440622
1712268668.0452523,-1.3579893112182617,0.4773830042945014,0.1253188567029105
1712268668.0462716,-1.3516848617129855,0.5033061239454482,0.13337604701519012
1712268668.0472906,-1.2875902652740479,0.5155670642852783,0.14283448457717896
1712268668.0483096,-1.1678067843119304,0.48018551535076565,0.12707042197386423
1712268668.0493288,-1.0031920671463013,0.4181801941659715,0.0958925982316335
1712268668.0503478,-0.7881421513027614,0.35267170932557845,0.06576571613550186
1712268668.051367,-0.5349157253901163,0.2731507685449388,0.05385508553849326
1712268668.052386,-0.25366973545816207,0.153694169388877,0.016021327012115054
1712268668.0534053,0.04649852299027973,0.04649852299027973,-0.03021402284502983
1712268668.0544243,0.3523213995827569,-0.08485209610727099,-0.08134965267446306
1712268668.0554433,0.6458833482530382,-0.24141119586096868,-0.14649505416552225
1712268668.0564625,0.9044140577316284,-0.3566414780086941,-0.19938190778096515
1712268668.0574815,1.1153022448221843,-0.44070005416870117,-0.23300533493359882
1712268668.0585008,1.264535453584459,-0.512149863772922,-0.266979005601671
1712268668.0595198,1.3514129320780437,-0.5643362469143337,-0.31391170289781356
1712268668.060539,1.380138529671563,-0.5618845091925727,-0.34543368551466197
1712268668.061558,1.3437060515085857,-0.5419205956988864,-0.35033709473080105
1712268668.0625772,1.2428160508473713,-0.4939371678564283,-0.346834659576416
1712268668.0635962,1.0806212822596233,-0.3846610254711575,-0.3149624334441291
1712268668.0646152,0.8697330951690674,-0.2694307267665863,-0.27223267489009434
1712268668.0656345,0.6112023856904771,-0.1650579935974545,-0.23335557844903734
1712268668.0666535,0.3249970409605238,-0.042822808027267456,-0.18922482927640277
1712268668.0676727,0.021626328428586323,0.10079697602325015,-0.11812527974446614
1712268668.0686917,-0.28484145800272626,0.22025356690088907,-0.0323154880768723
1712268668.069711,-0.5800972382227579,0.31939201884799534,0.030033830553293228
1712268668.07073,-0.8364758888880411,0.4164286123381721,0.09133853018283844
1712268668.071749,-1.0434701045354207,0.4602176944414774,0.13687916927867466
1712268668.0727682,-1.1989784240722656,0.47458049323823714,0.15894886520173815
1712268668.0737872,-1.295996109644572,0.493147075176239,0.1876744959089491
1712268668.0748065,-1.3292692767249212,0.49279676543341744,0.20659137103292677
1712268668.0758255,-1.314558982849121,0.46056800418429905,0.197833561235004
1712268668.0768447,-1.2445101473066542,0.41572799285252887,0.15334385964605543
1712268668.0778637,-1.1163208219740126,0.37719359000523883,0.11796229415469699
1712268668.078883,-0.9408485889434814,0.30012485053804183,0.07452353007263607
1712268668.079902,-0.7187938690185547,0.23461638225449455,0.02442882913682196
1712268668.080921,-0.4575117760234409,0.18101856112480164,-0.012351575617988903
1712268668.0819402,-0.16610872414377,0.08643416066964467,-0.06418769558270772
1712268668.0829592,0.14178353879186842,-0.025310605350467894,-0.12863260176446703
1712268668.0839784,0.4514598846435547,-0.12793211473359,-0.18397115998797947
1712268668.0849974,0.745372109942966,-0.2175946036974589,-0.20708728167745802
1712268668.0860167,0.9954953193664551,-0.31881514522764415,-0.2309038738409678
1712268668.0870357,1.194823185602824,-0.39061516523361206,-0.25892340474658543
1712268668.088055,1.3356488280826144,-0.4392990801069471,-0.2753848665290409
1712268668.089074,1.4095648129781086,-0.5030434992578294,-0.2914960847960578
1712268668.090093,1.4113163948059082,-0.5321137772666084,-0.29955171876483494
1712268668.0911121,1.3433557086520724,-0.5075966980722215,-0.2827399969100952
1712268668.0921311,1.2063834402296278,-0.4659176535076565,-0.25822291771570843
1712268668.0931504,1.0105587376488578,-0.41443175739712185,-0.24911656975746155
1712268668.0941694,0.7677921321656969,-0.31776441468132866,-0.24421314398447672
1712268668.0951886,0.485440194606781,-0.19552922911114162,-0.207787768708335
1712268668.0962076,0.1736619902981652,-0.07679648697376251,-0.17031164632903203
1712268668.0972266,-0.14719554119639927,0.0839819676346249,-0.11987650560008155
1712268668.0982459,-0.45576055844624835,0.23952075176768833,-0.0557818387945493
1712268668.0992649,-0.7335040966669718,0.34951892164018417,-0.008148647223909697
1712268668.100284,-0.9681676493750678,0.4384983248180813,0.03318664514356189
1712268668.101303,-1.139787170622084,0.5190701948271857,0.08573353290557861
1712268668.1023223,-1.2536165449354384,0.5698655049006144,0.15334385964605543
1712268668.1033413,-1.3117570347256131,0.5688146087858412,0.18907575143708122
1712268668.1043606,-1.3107062710656059,0.5702158477571275,0.21009450157483417
1712268668.1053796,-1.2557180722554524,0.5250255266825358,0.21499887108802795
1712268668.1063986,-1.152045726776123,0.4370970527331034,0.19047699040836757
1712268668.1074178,-1.0049432516098022,0.36213017172283596,0.16035012072987026
1712268668.1084368,-0.8126592636108398,0.2808576491143968,0.13057354423734877
1712268668.109456,-0.58430016040802,0.18066825138198003,0.07942790786425273
1712268668.110475,-0.3251195285055372,0.06156196196873982,-0.003945718312429057
1712268668.1114943,-0.035817929440074496,-0.036518416470951505,-0.08310087853007846
1712268668.1125133,0.2633420129617055,-0.14999748931990728,-0.14754578471183777
1712268668.1135325,0.5548020866182115,-0.2564716835816701,-0.2144423955016666
1712268668.1145515,0.8217402961519029,-0.31321121586693657,-0.25787265764342415
1712268668.1155705,1.0497937599817913,-0.3699507647090488,-0.2914960847960578
1712268668.1165898,1.2281028429667156,-0.43159372276730007,-0.32792147662904525
1712268668.1176088,1.3493110073937309,-0.4638161924150255,-0.3527887993388706
1712268668.118628,1.4036095142364502,-0.45470982789993286,-0.343332224422031
1712268668.119647,1.3860938284132216,-0.44525325298309326,-0.30900829368167454
1712268668.1206663,1.2981654538048637,-0.4168834620051914,-0.28694291909535724
1712268668.1216853,1.1520850658416748,-0.34963660769992405,-0.24911656975746155
1712268668.1227043,0.9506553411483765,-0.2963995271258884,-0.2130414214399126
1712268668.1237235,0.6942264901267158,-0.2312541173564063,-0.18116921186447144
1712268668.1247425,0.3957601719432407,-0.1254804101255205,-0.12933309707376692
1712268668.1257617,0.07242165505886078,-0.007448159158229828,-0.07224331299463908
1712268668.1267807,-0.26207559638553196,0.09659322599569956,-0.029163290229108598
1712268668.1278,-0.5762445264392428,0.20063605573442247,-0.012701820168230269
1712268668.128819,-0.8487343788146973,0.31448764933480156,0.021976642310619354
1712268668.1298382,-1.068687703874376,0.38665205240249634,0.05525633692741394
1712268668.1308572,-1.22909943262736,0.4630202054977417,0.08433228565586938
1712268668.1318762,-1.3250663545396593,0.5330827169948154,0.12426791919602288
1712268668.1328955,-1.3534360461764865,0.5544517768753899,0.14493635959095424
1712268668.1339145,-1.3271677494049072,0.5418405267927382,0.14423574010531107
1712268668.1349337,-1.2420585420396593,0.516267716884613,0.13863073454962835
1712268668.1359527,-1.1047628190782335,0.48789239592022365,0.14598730537626478
1712268668.136972,-0.9254378742641872,0.4111739330821567,0.13933135403527153
1712268668.137991,-0.7054845492045084,0.3288504812452528,0.10500072605080074
1712268668.13901,-0.4480552011066013,0.23251450724071926,0.06576571613550186
1712268668.1400292,-0.1626062724325392,0.08082915511396196,0.007613825404809581
1712268668.1410482,0.13547792202896541,-0.06068525628911124,-0.05683257348007626
1712268668.1420674,0.4293901721636454,-0.1787175072564019,-0.10446576608551873
1712268668.1430864,0.7026339901818169,-0.2956990400950114,-0.1527994540002611
1712268668.1441057,0.941547155380249,-0.4105790787272983,-0.22144728236728245
1712268668.1451247,1.1391234397888184,-0.4841303163104587,-0.2911458412806193
1712268668.146144,1.2820510069529216,-0.5265098479059007,-0.32652050256729126
1712268668.147163,1.3601707087622747,-0.5573313103781806,-0.3559409909778171
1712268668.148182,1.3741832309299045,-0.5237078997823927,-0.36329613791571724
1712268668.1492012,1.322336991628011,-0.4627654287550184,-0.35033709473080105
1712268668.1502202,1.210937632454766,-0.40602591302659774,-0.33667756451500785
1712268668.1512394,1.0424372222688463,-0.3300229377216763,-0.31391170289781356
1712268668.1522584,0.8248931169509888,-0.2193458212746514,-0.2666287620862325
1712268668.1532776,0.5607573853598701,-0.1002628356218338,-0.18852434224552578
1712268668.1542966,0.2598388824197981,0.006212575050691763,-0.12337894075446658
1712268668.1553159,-0.05788330402639177,0.13057354423734877,-0.056132082309987806
1712268668.1563349,-0.3657478425237867,0.22901137669881183,0.005862262203461594
1712268668.1573539,-0.6557499037848579,0.2885645296838548,0.05070227301783032
1712268668.158373,-0.907925632264879,0.36213017172283596,0.09764416350258721
1712268668.159392,-1.1086155308617485,0.4230845636791653,0.14633761511908636
1712268668.1604114,-1.2532663345336914,0.4577654931280348,0.17436260978380838
1712268668.1614304,-1.3383755418989394,0.4574151833852132,0.1642035444577535
1712268668.1624496,-1.3555375734965007,0.4696761237250434,0.1477388540903727
1712268668.1634686,-1.313158008787367,0.4542623625861274,0.13898104429244995
1712268668.1644876,-1.2168408764733207,0.42063236236572266,0.11340822610590193
1712268668.1655068,-1.0693881909052532,0.4097726609971788,0.0958925982316335
1712268668.1665258,-0.8732514911227756,0.36248048146565753,0.06821790503131019
1712268668.167545,-0.6354357798894247,0.2756029533015357,0.020225079109271366
1712268668.168564,-0.35944345924589366,0.1775154305828942,-0.033015975107749305
1712268668.1695833,-0.05753306051095326,0.08573353290557861,-0.06663940432998869
1712268668.1706023,0.2517816921075185,-0.031614998976389565,-0.09325795703464083
1712268668.1716216,0.5519995755619472,-0.1531496975156996,-0.14054089784622192
1712268668.1726406,0.8308484156926472,-0.2522687613964081,-0.1762658026483324
1712268668.1736596,1.0669591029485066,-0.37275271283255684,-0.21864533424377441
1712268668.1746788,1.245268185933431,-0.47782593303256565,-0.26172535287009346
1712268668.1756978,1.3577185736762152,-0.5282610985967848,-0.28098877933290267
1712268668.176717,1.4018579324086506,-0.5475244919459025,-0.28729316261079574
1712268668.177736,1.3745335737864177,-0.5527781777911716,-0.2985009882185194
1712268668.1787553,1.2855541706085205,-0.5240581432978312,-0.3209166063202752
1712268668.1797743,1.137722200817532,-0.4526083668073018,-0.31391170289781356
1712268668.1807933,0.9345409605238173,-0.37765612204869586,-0.2939477894041273
1712268668.1818125,0.6819655497868856,-0.2557711965507931,-0.26312632693184745
1712268668.1828315,0.39155642191569007,-0.09535941812727186,-0.2039350734816657
1712268668.1838508,0.08293103012773725,0.040543207691775426,-0.1503477328353458
1712268668.1848698,-0.2284521692328983,0.16315261522928873,-0.10131356616814931
1712268668.185889,-0.5212561951743232,0.28260919782850474,-0.04632525146007538
1712268668.186908,-0.7818377680248684,0.40066454145643443,0.03423758265044954
1712268668.1879272,-1.001090539826287,0.46477175421184963,0.10289885103702545
1712268668.1889462,-1.1674564414554172,0.5239745643403795,0.14949041936132643
1712268668.1899652,-1.2707784440782335,0.5544517768753899,0.19257886542214286
1712268668.1909845,-1.314208772447374,0.5225733253690932,0.20624106129010517
1712268668.1920035,-1.304051743613349,0.48649112383524573,0.2034385667906867
1712268668.1930227,-1.2413579887813992,0.4553133249282837,0.2037888765335083
1712268668.1940417,-1.133132643169827,0.3992633024851481,0.1876744959089491
1712268668.195061,-0.9793754418690999,0.31623923116260105,0.1379301067855623
1712268668.19608,-0.7776348458396064,0.23706856701109144,0.06646633976035647
1712268668.1970992,-0.5335147513283623,0.15264324016041225,0.010766638442873955
1712268668.1981182,-0.2550707095199161,0.04264508270555072,-0.05683257348007626
1712268668.1991372,0.043345710469616786,-0.034767194754547544,-0.11532333162095812
1712268668.2001565,0.3491686118973626,-0.11357211404376559,-0.1619057854016622
1712268668.2011755,0.6434311469395956,-0.2158433695634206,-0.2189955777592129
1712268668.2021947,0.9089681175020006,-0.31040926774342853,-0.2711819443437788
1712268668.2032137,1.13316814104716,-0.3696005211936103,-0.30410488446553546
1712268668.204233,1.2953628434075248,-0.41478200091256034,-0.3016531798574659
1712268668.205252,1.387144856982761,-0.4571615325080024,-0.305155615011851
1712268668.206271,1.414469215604994,-0.4578620195388794,-0.2971000141567654
1712268668.2072902,1.3748839166429307,-0.45611080196168685,-0.2827399969100952
1712268668.2083092,1.2708409627278645,-0.45470982789993286,-0.27188243137465584
1712268668.2093284,1.0970860057406955,-0.40392445193396675,-0.24386290046903822
1712268668.2103474,0.8693828185399373,-0.3205663628048367,-0.20043263832728067
1712268668.2113667,0.5894830491807725,-0.22670095165570575,-0.15945408079359266
1712268668.2123857,0.2752526435587141,-0.12828235824902853,-0.14159162839253744
1712268668.213405,-0.049827690753671855,0.010066013783216476,-0.11147064467271169
1712268668.214424,-0.36749906010097927,0.12707042197386423,-0.06874086956183116
1712268668.215443,-0.6624045636918809,0.24547606706619263,-0.03441695123910904
1712268668.2164621,-0.9184330039554172,0.38384954134623206,0.01882382772035069
1712268668.2174811,-1.1152701907687717,0.48018551535076565,0.06891852865616481
1712268668.2185004,-1.2511648072136772,0.5288789669672648,0.0979944732454088
1712268668.2195194,-1.3229648272196453,0.5611077282163832,0.12041447891129388
1712268668.2205386,-1.3271677494049072,0.5814258257548014,0.157547609673606
1712268668.2215576,-1.2812858157687717,0.5628593100441827,0.1911776264508565
1712268668.2225766,-1.1891716056399875,0.5117136240005493,0.190126680665546
1712268668.2235959,-1.0452213552263048,0.4588164554701911,0.18101856112480164
1712268668.2246149,-0.8602924479378594,0.35442329115337795,0.14843949013286167
1712268668.225634,-0.6361362669203017,0.22620888219939336,0.0958925982316335
1712268668.226653,-0.37450393040974933,0.12006416916847229,0.050351959135797285
1712268668.2276723,-0.09325795703464083,0.004811324696573946,-0.0007935216934937569
1712268668.2286913,0.19713294174936083,-0.125830653640959,-0.07084233065446217
1712268668.2297106,0.4836886458926731,-0.24876632624202305,-0.1626062724325392
1712268668.2307296,0.756582154168023,-0.3387790587213304,-0.2291526562637753
1712268668.2317486,0.9940940803951687,-0.4270405570665995,-0.28484145800272626
1712268668.2327678,1.179759767320421,-0.47082106272379554,-0.32827172014448375
1712268668.2337868,1.3079741266038682,-0.4715215497546726,-0.3443829549683465
1712268668.234806,1.376285155614217,-0.47782593303256565,-0.3580424520704481
1712268668.235825,1.3755844699011908,-0.4722220367855496,-0.36504735549290973
1712268668.2368443,1.3135792149437797,-0.4305429922209846,-0.3541897734006246
1712268668.2378633,1.1895684401194255,-0.3552405039469401,-0.3016531798574659
1712268668.2388825,1.003202199935913,-0.2932473023732503,-0.24736533562342325
1712268668.2399015,0.7653399308522542,-0.19482874208026463,-0.19798093371921116
1712268668.2409205,0.4847395751211378,-0.08940527008639441,-0.1387896802690294
1712268668.2419398,0.17821605006853738,-0.015854016981191106,-0.09395844406551784
1712268668.2429588,-0.14474383658832973,0.08188009262084961,-0.04492427325910992
1712268668.243978,-0.46066396766238743,0.1922285556793213,0.017772890213463042
1712268668.244997,-0.75066606203715,0.28646263811323375,0.07031978004508548
1712268668.2460163,-0.9979383813010322,0.3530220521820916,0.09273978571097057
1712268668.2470353,-1.1842682626512315,0.4174795415666368,0.09869510100947486
1712268668.2480543,-1.303351190355089,0.46442144446902806,0.11971385114722781
1712268668.2490735,-1.3621922334035237,0.47423018349541557,0.12461822893884447
1712268668.2500925,-1.3537863890329997,0.5075098739729987,0.13337604701519012
1712268668.2511117,-1.2875902652740479,0.5194205045700073,0.1438854303624895
1712268668.2521307,-1.1695579687754314,0.4780836237801446,0.1239176011747784
1712268668.25315,-1.0024915801154242,0.4174795415666368,0.0899372829331292
1712268668.254169,-0.7891929149627686,0.35862704118092853,0.062262589732805886
1712268668.2551882,-0.5352659689055549,0.273851388030582,0.05070227301783032
1712268668.2562072,-0.2543702224890391,0.15544573465983072,0.00866476291169723
1712268668.2572262,0.0461482091082467,0.04860039800405502,-0.034767194754547544
1712268668.2582455,0.3523213995827569,-0.0876540525092019,-0.08520233962270948
1712268668.2592645,0.6427305274539523,-0.2431624134381612,-0.14789602822727627
1712268668.2602837,0.9005606174468994,-0.3576922085550096,-0.19693020317289564
1712268668.2613027,1.110748185051812,-0.44210102823045516,-0.22670095165570575
1712268668.262322,1.260331604215834,-0.5156522989273071,-0.2592736482620239
1712268668.263341,1.3507122463650174,-0.5646864573160807,-0.30830780665079754
1712268668.26436,1.3790876335567899,-0.5618845091925727,-0.3380785716904534
1712268668.2653792,1.3433557086520724,-0.547874735461341,-0.346834659576416
1712268668.2663982,1.2424657079908583,-0.49708935949537486,-0.346834659576416
1712268668.2674174,1.0827231407165527,-0.38255956437852645,-0.31741417116589016
1712268668.2684364,0.8746374977959527,-0.2694307267665863,-0.2788873182402717
1712268668.2694557,0.617858370145162,-0.15945408079359266,-0.2431624134381612
1712268668.2704747,0.32709889941745335,-0.037218903501828514,-0.19622971614201862
1712268668.271494,0.021276016616159014,0.1039497885439131,-0.12407943606376648
1712268668.272513,-0.2879936496416728,0.22060387664371067,-0.03932036873367097
1712268668.273532,-0.5825489097171359,0.3214939104186164,0.025830080525742635
1712268668.2745512,-0.8385773499806721,0.41993174288007945,0.09133853018283844
1712268668.2755702,-1.0452213552263048,0.4563642541567484,0.13687916927867466
1712268668.2765894,-1.1996789773305256,0.46757426526811385,0.16105074021551344
1712268668.2776084,-1.295996109644572,0.485440194606781,0.19257886542214286
1712268668.2786276,-1.3327716456519232,0.4826376835505167,0.21289699607425266
1712268668.2796466,-1.315959956910875,0.4476064443588257,0.20273793074819776
1712268668.2806659,-1.2441599369049072,0.40907204151153564,0.15684699018796286
1712268668.2816849,-1.1117676893870037,0.3726395302348667,0.12251635392506917
1712268668.2827039,-0.9348944160673354,0.30257701873779297,0.07382290230857001
1712268668.283723,-0.7166924079259237,0.24337419205241734,0.02337789162993431
1712268668.284742,-0.45611080196168685,0.18907575143708122,-0.015854016981191106
1712268668.2857614,-0.1657584806283315,0.09519197046756744,-0.06944135659270816
1712268668.2867804,0.14178353879186842,-0.019356457309590444,-0.13248528871271345
1712268668.2877996,0.45181019438637626,-0.11847553153832753,-0.18432142006026372
1712268668.2888186,0.7443212138281928,-0.20953898628552753,-0.207787768708335
1712268668.2898376,0.9954953193664551,-0.3146121899286906,-0.23265509141816032
1712268668.2908568,1.1927212609185112,-0.3881634606255425,-0.25822291771570843
1712268668.2918758,1.3345979319678412,-0.44595374001397026,-0.27258291840553284
1712268668.292895,1.4095648129781086,-0.5146015683809916,-0.29079559776518077
1712268668.293914,1.4092144701215956,-0.5366669429673089,-0.2967497706413269
1712268668.2949333,1.3416041268242729,-0.5149518118964301,-0.2795878052711487
1712268668.2959523,1.2077848116556804,-0.46906984514660305,-0.2592736482620239
1712268668.2969716,1.0098581181632147,-0.41408151388168335,-0.25016730030377704
1712268668.2979906,0.7677921321656969,-0.31251072883605957,-0.2424619264072842
1712268668.2990096,0.48508988486395943,-0.19342775146166483,-0.20533604754341972
1712268668.3000288,0.1736619902981652,-0.0750452611181471,-0.17311359445254007
1712268668.3010478,-0.14929700228903028,0.08853603568341997,-0.12232821020815107
1712268668.302067,-0.45611080196168685,0.24442513783772785,-0.058583791057268776
1712268668.303086,-0.7331538862652248,0.3512704703542921,-0.009549623355269432
1712268668.3041053,-0.9660661882824367,0.44024987353218925,0.03423758265044954
1712268668.3051243,-1.139787170622084,0.5197708143128289,0.08713478015528785
1712268668.3061435,-1.2532663345336914,0.5667126841015285,0.15229293041759068
1712268668.3071625,-1.3128077983856201,0.5684642659293281,0.1859229306379954
1712268668.3081815,-1.3107062710656059,0.5684642659293281,0.2058907515472836
1712268668.3092008,-1.2546673085954454,0.5278280046251085,0.21254668633143106
1712268668.3102198,-1.152396069632636,0.43919894430372447,0.19082731670803493
1712268668.311239,-1.0038925541771782,0.36598361200756496,0.16490418050024244
1712268668.312258,-0.8126592636108398,0.28646263811323375,0.13687916927867466
1712268668.3132772,-0.586401621500651,0.18277012639575535,0.08678447041246626
1712268668.3142962,-0.32827172014448375,0.06261290361483891,0.004461011849343777
1712268668.3153152,-0.038970125218232475,-0.03861988170279397,-0.07119258244832356
1712268668.3163345,0.2612401379479302,-0.1531496975156996,-0.13808919323815239
1712268668.3173535,0.5562033255894979,-0.2547204660044776,-0.2060365511311425
1712268668.3183727,0.8231415351231892,-0.30900829368167454,-0.25086778733465404
1712268668.3193917,1.0536472002665203,-0.3703010082244873,-0.28764340612623424
1712268668.320411,1.2323066923353407,-0.4298425051901075,-0.3303731812371148
1712268668.32143,1.3489606645372179,-0.46346591578589547,-0.3573419650395711
1712268668.3224492,1.4004566934373643,-0.45611080196168685,-0.34998685121536255
1712268668.3234682,1.3822404543558757,-0.44630398352940875,-0.3195156322585212
1712268668.3244872,1.2971144252353244,-0.41338102685080635,-0.2978005011876424
1712268668.3255064,1.148932245042589,-0.346134172545539,-0.25857316123114693
1712268668.3265254,0.9432987372080485,-0.29955171876483494,-0.2193458212746514
1712268668.3275447,0.6875705718994141,-0.23930973476833767,-0.18432142006026372
1712268668.3285637,0.38875391085942584,-0.13108431465095943,-0.12933309707376692
1712268668.329583,0.06541540225346883,-0.020056944340467453,-0.07119258244832356
1712268668.330602,-0.26417705747816295,0.08363165789180331,-0.03091451194551256
1712268668.331621,-0.5769450134701198,0.18907575143708122,-0.010600355971190665
1712268668.3326402,-0.8476836813820733,0.30187639925214976,0.026180392338169944
1712268668.3336592,-1.068337427245246,0.3743911120626661,0.05595696055226856
1712268668.3346784,-1.230850617090861,0.4553133249282837,0.08328134814898173
1712268668.3356974,-1.3236653804779053,0.5302802059385512,0.11901323166158465
1712268668.3367167,-1.3548370202382405,0.5555027061038547,0.13652885953585306
1712268668.3377357,-1.3254165649414062,0.5439423852496676,0.13302572899394566
1712268668.338755,-1.238556040657891,0.5285286572244432,0.12882197896639505
1712268668.339774,-1.1033618450164795,0.493147075176239,0.14283448457717896
1712268668.340793,-0.9271890587276882,0.4132757915390862,0.13127417200141483
1712268668.3418121,-0.7082865635553995,0.3306020299593608,0.10114728576607174
1712268668.3428311,-0.4498064186837938,0.2258585724565718,0.06436446474658118
1712268668.3438504,-0.1626062724325392,0.07347259256574842,0.007613825404809581
1712268668.3448694,0.13232510950830248,-0.06733989550007714,-0.05438086473279529
1712268668.3458886,0.4290398624208238,-0.18922482927640277,-0.10236429671446481
1712268668.3469076,0.7022837135526869,-0.305856102042728,-0.15244919392797682
1712268668.3479269,0.9411968787511189,-0.42213714785046047,-0.22004630830552843
1712268668.3489459,1.1384228865305583,-0.4897342456711663,-0.28764340612623424
1712268668.3499649,1.280649767981635,-0.5345654818746779,-0.3233683109283447
1712268668.350984,1.3584191269344754,-0.5587322844399346,-0.3555907474623786
1712268668.352003,1.3731323348151312,-0.5188044905662537,-0.3618951638539632
1712268668.3530223,1.3226873344845242,-0.4571615325080024,-0.34543368551466197
1712268668.3540413,1.2119885285695393,-0.40497518248028225,-0.33492634693781537
1712268668.3550606,1.0427874988979764,-0.32757123311360675,-0.31321121586693657
1712268668.3560796,0.8245427740944756,-0.2189955777592129,-0.26242583990097046
1712268668.3570986,0.5590058697594537,-0.10096332265271081,-0.18747361169921026
1712268668.3581178,0.2594885726769765,0.0030597614952259595,-0.12302869723902808
1712268668.3591368,-0.0557818387945493,0.12952260673046112,-0.05823354754183027
1712268668.360156,-0.36434686846203274,0.22550826271375018,0.0030597614952259595
1712268668.361175,-0.6543489297231039,0.28506139914194745,0.04754946049716737
1712268668.3621943,-0.906874934832255,0.3600282801522149,0.09764416350258721
1712268668.3632133,-1.1086155308617485,0.4255367318789164,0.14703823460472953
1712268668.3642325,-1.2543169657389324,0.45181019438637626,0.17576386531194052
1712268668.3652515,-1.3373249106936984,0.4574151833852132,0.1642035444577535
1712268668.3662705,-1.3523854149712455,0.47177801529566443,0.15684699018796286
1712268668.3672898,-1.3096556398603652,0.45286112361484104,0.149840729104148
1712268668.3683088,-1.2136887179480658,0.4251864221360948,0.12566916644573212
1712268668.369328,-1.067636940214369,0.4136261012819078,0.10990510384241739
1712268668.370347,-0.8704495429992676,0.3628307912084791,0.08117946485678355
1712268668.3713663,-0.6329840421676636,0.2752526435587141,0.02898289304640558
1712268668.3723853,-0.35489026043150157,0.17891668611102635,-0.028112559682793088
1712268668.3734043,-0.051578912470075816,0.0916888482040829,-0.0624364780055152
1712268668.3744235,0.2577370074060228,-0.031614998976389565,-0.09325795703464083
1712268668.3754425,0.5569039450751411,-0.14789602822727627,-0.14299261901113722
1712268668.3764617,0.8308484156926472,-0.24736533562342325,-0.18151945537990993
1712268668.3774807,1.0634559392929077,-0.37345319986343384,-0.22565020455254448
1712268668.3785,1.2424657079908583,-0.4750239849090576,-0.266979005601671
1712268668.379519,1.3549160957336426,-0.5219566822052002,-0.2823897533946567
1712268668.3805382,1.3987051116095648,-0.5468240049150255,-0.28589218854904175
1712268668.3815572,1.372431649102105,-0.5548796388838027,-0.2971000141567654
1712268668.3825762,1.2824013498094347,-0.5272103680504693,-0.31671368413501316
1712268668.3835955,1.1370216475592718,-0.45506007141537136,-0.3062063455581665
1712268668.3846145,0.9355918566385905,-0.38080834680133396,-0.28694291909535724
1712268668.3856337,0.6837171316146851,-0.2543702224890391,-0.2543702224890391
1712268668.3866527,0.3978620635138618,-0.09570966164271036,-0.19938190778096515
1712268668.387672,0.0878354079193539,0.03949227018488778,-0.14999748931990728
1712268668.388691,-0.22529996103710598,0.16315261522928873,-0.10586674014727274
1712268668.3897102,-0.5184542470508151,0.29276827971140545,-0.050528177784548864
1712268668.3907292,-0.7800865835613674,0.40907204151153564,0.033536956955989204
1712268668.3917482,-1.0021413034862943,0.4749308029810587,0.09904541075229645
1712268668.3927674,-1.1667560206519232,0.5309808254241943,0.14738854434755114
1712268668.3937864,-1.2686770492129855,0.5544517768753899,0.1859229306379954
1712268668.3948057,-1.314558982849121,0.5194205045700073,0.19888449046346876
1712268668.3958247,-1.307904322942098,0.4843892653783162,0.20028574599160087
1712268668.396844,-1.2448604901631672,0.4497083028157552,0.2037888765335083
1712268668.397863,-1.1338330639733207,0.3950595524575975,0.18522231115235221
1712268668.398882,-0.981476902961731,0.3088826603359646,0.1340766665008333
1712268668.3999012,-0.7772846354378594,0.23251450724071926,0.06471477862861422
1712268668.4009202,-0.5310630467202928,0.14738854434755114,0.007613825404809581
1712268668.4019394,-0.25086778733465404,0.042294772962729134,-0.05998476925823423
1712268668.4029584,0.0461482091082467,-0.028112559682793088,-0.1142726010746426
1712268668.4039776,0.35056985086864895,-0.10866869654920366,-0.16015456782446966
1712268668.4049966,0.6437814897961086,-0.21129020386272007,-0.22004630830552843
1712268668.4060159,0.9072165356742011,-0.3013029363420274,-0.2746843794981639
1712268668.4070349,1.1282637384202745,-0.36504735549290973,-0.3013029363420274
1712268668.4080539,1.2901082303788927,-0.41478200091256034,-0.29955171876483494
1712268668.409073,1.3832913504706488,-0.4596132371160719,-0.3055058585272895
1712268668.410092,1.4095648129781086,-0.4592629936006334,-0.3020034233729045
1712268668.4111114,1.3713807529873319,-0.4627654287550184,-0.29079559776518077
1712268668.4121304,1.2634844250149198,-0.46346591578589547,-0.2802882923020257
1712268668.4131496,1.0928822225994534,-0.4091781046655443,-0.24981705678833854
1712268668.4141686,0.8651790353986952,-0.32617025905185276,-0.20428531699710423
1712268668.4151876,0.5863302283816867,-0.23545703954166836,-0.16400726305113897
1712268668.4162068,0.27350107828776044,-0.13038382762008244,-0.14789602822727627
1712268668.4172258,-0.050528177784548864,0.007263512557579411,-0.11357211404376559
1712268668.418245,-0.36819954713185626,0.12847166922357348,-0.07014184362358517
1712268668.419264,-0.665906998846266,0.2496798170937432,-0.02776231409774886
1712268668.4202833,-0.9187832143571641,0.38840360111660427,0.02898289304640558
1712268668.4213023,-1.1142194271087646,0.48228737380769515,0.07837697035736507
1712268668.4223216,-1.2518653604719374,0.5267770753966438,0.10640197330050997
1712268668.4233406,-1.3212136427561443,0.5548020866182115,0.1263697942097982
1712268668.4243596,-1.3289190663231742,0.579674310154385,0.16455387075742087
1712268668.4253788,-1.2854887379540336,0.5551523963610331,0.193980120950275
1712268668.4263978,-1.1923238966200087,0.5110130045149062,0.18907575143708122
1712268668.427417,-1.0494242774115667,0.458466112613678,0.17716512084007263
1712268668.428436,-0.8616934219996134,0.35056985086864895,0.14143322904904684
1712268668.4294553,-0.6368367539511787,0.23006232248412237,0.08713478015528785
1712268668.4304743,-0.3797576162550184,0.1239176011747784,0.04474695771932602
1712268668.4314935,-0.09746088749832577,0.006212575050691763,-0.0049964504109488595
1712268668.4325125,0.1911776264508565,-0.12828235824902853,-0.07609599166446261
1712268668.4335315,0.47913455300860935,-0.24701509210798475,-0.1626062724325392
1712268668.4345508,0.7516777515411377,-0.3387790587213304,-0.22354874345991346
1712268668.4355698,0.9905909167395698,-0.4343956708908081,-0.2806385358174642
1712268668.436589,1.179409424463908,-0.4764249589708116,-0.32266782389746773
1712268668.437608,1.3083244694603813,-0.4764249589708116,-0.33632732099956936
1712268668.4386272,1.3748839166429307,-0.48623181051678127,-0.35103758176167804
1712268668.4396462,1.376285155614217,-0.47887666357888115,-0.36294589440027875
1712268668.4406652,1.3156810071733263,-0.4312434792518616,-0.3524385558234321
1712268668.4416845,1.1913200219472249,-0.35839272869957817,-0.3013029363420274
1712268668.4427035,1.003202199935913,-0.2914960847960578,-0.2519185178809696
1712268668.4437227,0.7663908931944106,-0.1906258033381568,-0.2014833688735962
1712268668.4447417,0.48333833614985144,-0.0876540525092019,-0.14439359307289124
1712268668.445761,0.17471293608347574,-0.0120013321025504,-0.09781113101376428
1712268668.44678,-0.1510482198662228,0.0839819676346249,-0.045975007944636874
1712268668.4477992,-0.464866922961341,0.19327950146463183,0.017422578401035733
1712268668.4488182,-0.7541684971915351,0.28401046991348267,0.06996946202384101
1712268668.4498372,-0.9993393553627862,0.3442642092704773,0.09133853018283844
1712268668.4508564,-1.1856692367129855,0.41187455256779987,0.10254853301578097
1712268668.4518754,-1.302650769551595,0.4563642541567484,0.1253188567029105
1712268668.4528947,-1.3576389683617485,0.473879873752594,0.12882197896639505
1712268668.4539137,-1.3520350721147325,0.5064589447445339,0.13898104429244995
1712268668.454933,-1.2837375534905326,0.5155670642852783,0.14493635959095424
1712268668.455952,-1.1657052569919162,0.47983520560794407,0.12461822893884447
1712268668.456971,-1.0017910930845473,0.4216832915941874,0.09098822044001685
1712268668.4579902,-0.7863909668392605,0.36213017172283596,0.06436446474658118
1712268668.4590092,-0.5349157253901163,0.2749023338158925,0.05105258689986335
1712268668.4600284,-0.25366973545816207,0.15964948468738133,0.009015075241525968
1712268668.4610474,0.0461482091082467,0.05385508553849326,-0.03371646420823203
1712268668.4620667,0.35267170932557845,-0.08730380899376339,-0.08415160907639398
1712268668.4630857,0.6430808703104655,-0.24596436156166923,-0.1485965152581533
1712268668.464105,0.9016115797890557,-0.3569917215241326,-0.19552922911114162
1712268668.465124,1.1135506629943848,-0.44560349649853176,-0.2291526562637753
1712268668.466143,1.265236006842719,-0.5181040035353767,-0.26347657044728595
1712268668.4671621,1.3524638281928167,-0.5688893795013428,-0.3146121899286906
1712268668.4681811,1.3815397686428494,-0.5632854832543267,-0.34053027629852295
1712268668.4692004,1.3430053657955594,-0.5475244919459025,-0.3485858771536085
1712268668.4702194,1.2438669469621446,-0.49148546324835884,-0.3457839290301005
1712268668.4712386,1.0823728640874226,-0.3790570961104499,-0.31286097235149807
1712268668.4722576,0.8742871549394395,-0.266979005601671,-0.27363364895184833
1712268668.4732769,0.6161067883173624,-0.16120529837078518,-0.23615752657254535
1712268668.4742959,0.3281498286459181,-0.036518416470951505,-0.1906258033381568
1712268668.4753149,0.023027579817507002,0.10500072605080074,-0.11497308810551961
1712268668.476334,-0.28554194503360325,0.21710074610180324,-0.03371646420823203
1712268668.477353,-0.5797469615936279,0.3214939104186164,0.026881018032630283
1712268668.4783723,-0.8371763759189181,0.41397644413842094,0.08888634542624156
1712268668.4793913,-1.0448710785971747,0.44795675410164726,0.12952260673046112
1712268668.4804106,-1.2003793981340196,0.466172993183136,0.1540444791316986
1712268668.4814296,-1.297747294108073,0.48403895563549465,0.18487200140953064
1712268668.4824486,-1.3334721989101834,0.4843892653783162,0.20483980576197305
1712268668.4834678,-1.317711141374376,0.4504089223013984,0.19292919172181022
1712268668.4844868,-1.2445101473066542,0.4125751720534431,0.15019105540381536
1712268668.485506,-1.1152701907687717,0.3733401828342014,0.12076478865411547
1712268668.486525,-0.9404983785417345,0.29697202973895603,0.07662540508641137
1712268668.4875443,-0.7201948430803087,0.2398710780673557,0.031084768060180876
1712268668.4885633,-0.4589127500851949,0.18487200140953064,-0.004295962345268991
1712268668.4895825,-0.1657584806283315,0.08433228565586938,-0.061035499804549746
1712268668.4906015,0.14143322904904684,-0.02496036183502939,-0.12477992309464349
1712268668.4916205,0.4553133249282837,-0.125130166610082,-0.1776667767100864
1712268668.4926398,0.745021833313836,-0.2154931260479821,-0.2028843429353502
1712268668.4936588,0.9954953193664551,-0.3195156322585212,-0.23160436087184483
1712268668.494678,1.1944728427463107,-0.3874629735946655,-0.2606746223237779
1712268668.495697,1.3342475891113281,-0.4428015483750237,-0.27748632762167186
1712268668.4967163,1.4060616493225098,-0.510748889711168,-0.2971000141567654
1712268668.4977353,1.4046604103512235,-0.5345654818746779,-0.30340439743465847
1712268668.4987545,1.337400409910414,-0.5093479156494141,-0.28589218854904175
1712268668.4997735,1.2014791700575087,-0.47047081920835704,-0.26172535287009346
1712268668.5007925,1.0049537817637126,-0.4172337055206299,-0.2557711965507931
1712268668.5018117,0.7632380723953247,-0.31776441468132866,-0.2417614393764072
1712268668.5028307,0.481586754322052,-0.2018336123890347,-0.20463556051254272
1712268668.50385,0.17261106106970045,-0.07994867861270905,-0.16821018523640102
1712268668.504869,-0.14789602822727627,0.0860838426484002,-0.11041991412639618
1712268668.5058882,-0.45541031493080986,0.23391576276885137,-0.049827690753671855
1712268668.5069072,-0.7317529122034708,0.3460157910982768,-0.002894986213909255
1712268668.5079262,-0.9629139635297987,0.4346448845333523,0.0380910187959671
1712268668.5089455,-1.135934591293335,0.5218727058834499,0.09238946768972608
1712268668.5099645,-1.2525657812754314,0.5653114451302422,0.1578979194164276
1712268668.5109837,-1.3114068243238661,0.5737189451853434,0.1876744959089491
1712268668.5120027,-1.3100058502621121,0.575820869869656,0.2097441918320126
1712268668.513022,-1.2553677293989394,0.5239745643403795,0.2114957571029663
1712268668.514041,-1.15379704369439,0.4356958137618171,0.18662355012363857
1712268668.5150602,-1.0066945023006864,0.3638817204369439,0.1599997944302029
1712268668.5160792,-0.8144105143017238,0.28155826860004,0.1316244817442364
1712268668.5170982,-0.587102108531528,0.17541355556911892,0.07872728010018666
1712268668.5181174,-0.32722098959816825,0.05560665080944697,-0.003245230246749189
1712268668.5191364,-0.035817929440074496,-0.042822808027267456,-0.07679648697376251
1712268668.5201557,0.26439295874701607,-0.15910383727815416,-0.14474383658832973
1712268668.5211747,0.556553668446011,-0.2557711965507931,-0.21023947331640455
1712268668.522194,0.8238421546088325,-0.30900829368167454,-0.25051754381921554
1712268668.523213,1.0550484392378066,-0.3696005211936103,-0.28729316261079574
1712268668.524232,1.2309053209092882,-0.4308932357364231,-0.3289722071753608
1712268668.5252512,1.3510625892215304,-0.4571615325080024,-0.3524385558234321
1712268668.5262702,1.4036095142364502,-0.4498064186837938,-0.3380785716904534
1712268668.5272894,1.3857434855567083,-0.4428015483750237,-0.3111097547743055
1712268668.5283084,1.298866007063124,-0.40987859169642127,-0.29079559776518077
1712268668.5293276,1.1510341697269015,-0.346134172545539,-0.25401997897360057
1712268668.5303466,0.9482031398349338,-0.30410488446553546,-0.22214776939815944
1712268668.5313659,0.6889718108707004,-0.23475655251079136,-0.18852434224552578
1712268668.5323849,0.39155642191569007,-0.12968334058920541,-0.13353601925902897
1712268668.5334039,0.06926884253819783,-0.01375255174934864,-0.07924819158183204
1712268668.534423,-0.2645273009936015,0.08468259539869097,-0.04177207748095194
1712268668.535442,-0.5758942498101128,0.19433043069309658,-0.01970670082502895
1712268668.5364614,-0.8487343788146973,0.30257701873779297,0.020575390921698675
1712268668.5374804,-1.069037914276123,0.377543932861752,0.051753210524717964
1712268668.5384996,-1.2276984585656059,0.462319552898407,0.08678447041246626
1712268668.5395186,-1.3219141960144043,0.5358851949373881,0.12847166922357348
1712268668.5405378,-1.3520350721147325,0.5534008476469252,0.14563697907659742
1712268668.5415568,-1.3233151700761583,0.5421908365355598,0.14703823460472953
1712268668.5425758,-1.2392565939161513,0.520121157169342,0.14423574010531107
1712268668.543595,-1.1012603839238484,0.48789239592022365,0.15684699018796286
1712268668.544614,-0.9247373872333102,0.40837142202589244,0.14108291930622524
1712268668.5456333,-0.7051343388027614,0.3320032689306471,0.10675229132175446
1712268668.5466523,-0.4477049575911628,0.22690950168503654,0.06471477862861422
1712268668.5476716,-0.16330677602026197,0.07172102729479472,0.0030597614952259595
1712268668.5486906,0.13302572899394566,-0.06138574331998825,-0.05998476925823423
1712268668.5497096,0.42483611239327324,-0.18081896834903294,-0.10691747069358826
1712268668.5507288,0.6977296537823147,-0.29990196228027344,-0.15910383727815416
1712268668.5517478,0.9373434384663899,-0.41408151388168335,-0.2295028997792138
1712268668.552767,1.1342191696166992,-0.4827293422487047,-0.29079559776518077
1712268668.553786,1.2778472900390625,-0.5317635337511698,-0.3244190414746602
1712268668.5548053,1.3556166489919026,-0.5569810999764336,-0.35103758176167804
1712268668.5558243,1.3706800672743056,-0.5202054646280077,-0.3552405039469401
1712268668.5568435,1.321986648771498,-0.4659176535076565,-0.34228149387571544
1712268668.5578625,1.21023694674174,-0.4116298092736138,-0.33177415529886883
1712268668.5588815,1.04103598329756,-0.3345761034223768,-0.307257076104482
1712268668.5599008,0.8248931169509888,-0.2196960647900899,-0.25857316123114693
1712268668.5609198,0.5579549074172974,-0.10796820951832665,-0.18362091647254095
1712268668.561939,0.2584376434485118,0.0034100740837554135,-0.12407943606376648
1712268668.562958,-0.05823354754183027,0.1302232344945272,-0.05823354754183027
1712268668.5639772,-0.36784930361641777,0.22025356690088907,-0.0014940098238488038
1712268668.5649962,-0.6585518519083658,0.285411708884769,0.043345710469616786
1712268668.5660152,-0.9117783440483941,0.36213017172283596,0.09309009545379214
1712268668.5670345,-1.1128184530470107,0.4230845636791653,0.14213386509153578
1712268668.5680535,-1.2592204411824544,0.4514598846435547,0.16700605551401773
1712268668.5690727,-1.3425785965389676,0.4553133249282837,0.15614637070231968
1712268668.5700917,-1.3576389683617485,0.46792457501093543,0.15159229437510172
1712268668.571111,-1.315609746509128,0.44410331381691825,0.14423574010531107
1712268668.57213,-1.219292614195082,0.4181801941659715,0.12111510667535993
1712268668.5731492,-1.0711393753687541,0.4111739330821567,0.10605166355768839
1712268668.5741682,-0.8725510040918986,0.35652514961030746,0.07767634259329902
1712268668.5751872,-0.6340348058276706,0.2682463990317451,0.025129454831282295
1712268668.5762064,-0.3576922085550096,0.17856637636820474,-0.028813046713670094
1712268668.5772254,-0.05333013004726834,0.08643416066964467,-0.05753306051095326
1712268668.5782447,0.25493451290660435,-0.03511743826998605,-0.09115648766358693
1712268668.5792637,0.5537511573897468,-0.15244919392797682,-0.1373887062072754
1712268668.580283,0.8315490351782905,-0.2547204660044776,-0.17661604616377088
1712268668.581302,1.0652075211207073,-0.38080834680133396,-0.22494971752166748
1712268668.5823212,1.2431662612491183,-0.47957715060975814,-0.266278518570794
1712268668.5833402,1.3566675451066759,-0.5296620726585388,-0.2837907274564107
1712268668.5843592,1.399756007724338,-0.5513772037294176,-0.2914960847960578
1712268668.5853784,1.3706800672743056,-0.5643362469143337,-0.3062063455581665
1712268668.5863974,1.2845032744937472,-0.5296620726585388,-0.32722098959816825
1712268668.5874166,1.1370216475592718,-0.4596132371160719,-0.3146121899286906
1712268668.5884356,0.9352415800094604,-0.38115859031677246,-0.2956990400950114
1712268668.589455,0.6840674082438151,-0.24876632624202305,-0.2561214400662316
1712268668.590474,0.39646079142888385,-0.09430868758095635,-0.19693020317289564
1712268668.591493,0.08853603568341997,0.03704008128907945,-0.14614481065008375
1712268668.5925121,-0.22424923049079046,0.16105074021551344,-0.09781113101376428
1712268668.5935311,-0.5170532729890611,0.28751356734169853,-0.03861988170279397
1712268668.5945504,-0.7797363069322374,0.40136516094207764,0.047199146615134344
1712268668.5955694,-1.0000398423936632,0.4654723736974928,0.10920447607835133
1712268668.5965886,-1.1632535192701552,0.5271273851394653,0.15579604440265232
1712268668.5976076,-1.2672760751512315,0.5463945865631104,0.1918782459364997
1712268668.5986269,-1.3110566139221191,0.5127645863427056,0.19923481676313612
1712268668.5996459,-1.304051743613349,0.4896439446343316,0.2013366917769114
1712268668.6006649,-1.2413579887813992,0.4553133249282837,0.20273793074819776
1712268668.601684,-1.1341832743750677,0.39716141091452706,0.1813688708676232
1712268668.602703,-0.980776415930854,0.31448764933480156,0.12321698168913522
1712268668.6037223,-0.7779851224687364,0.24302388230959573,0.06156196196873982
1712268668.6047413,-0.5335147513283623,0.15299354990323386,0.00831445058186849
1712268668.6057606,-0.2561214400662316,0.04754946049716737,-0.055431595279110804
1712268668.6067796,0.043345710469616786,-0.025310605350467894,-0.10726771420902675
1712268668.6077986,0.3491686118973626,-0.10796820951832665,-0.1534999410311381
1712268668.6088178,0.6441317664252387,-0.2151428825325436,-0.21023947331640455
1712268668.6098368,0.9107196993298,-0.3118102418051826,-0.26277608341640896
1712268668.610856,1.13316814104716,-0.3660980860392253,-0.2900951107343038
1712268668.611875,1.2946622901492648,-0.4203858971595764,-0.28729316261079574
1712268668.6128943,1.3885460959540472,-0.4617146982087029,-0.29885123173395794
1712268668.6139133,1.4127176337771945,-0.4582122630543179,-0.2928970588578118
1712268668.6149325,1.3720813062455919,-0.4638161924150255,-0.28554194503360325
1712268668.6159515,1.265236006842719,-0.4575117760234409,-0.28098877933290267
1712268668.6169705,1.0928822225994534,-0.3990210096041361,-0.24876632624202305
1712268668.6179898,0.8648287587695651,-0.31741417116589016,-0.2039350734816657
1712268668.6190088,0.5842283699247572,-0.2291526562637753,-0.16891067226727804
1712268668.620028,0.2717495130168067,-0.12477992309464349,-0.1534999410311381
1712268668.621047,-0.051578912470075816,0.010416325595643785,-0.11497308810551961
1712268668.6220663,-0.36890003416273326,0.12566916644573212,-0.07224331299463908
1712268668.6230853,-0.665206511815389,0.25003014339341056,-0.03021402284502983
1712268668.6241045,-0.916331476635403,0.3880532913737827,0.027231329845057592
1712268668.6251235,-1.1138692167070177,0.47528114583757186,0.0759247773223453
1712268668.6261425,-1.2494136227501762,0.5222230156262716,0.10359947052266863
1712268668.6271617,-1.3205132219526503,0.5562033255894979,0.1277710414595074
1712268668.6281807,-1.3268175390031602,0.5782730049557155,0.16840731104214987
1712268668.6292,-1.2844379742940266,0.552700228161282,0.19468074043591815
1712268668.630219,-1.1909227901034884,0.5106626947720846,0.1915279361936781
1712268668.6312382,-1.0476730267206829,0.458466112613678,0.17961730559666952
1712268668.6322572,-0.8623939090304904,0.34671641058391994,0.14353510406282213
1712268668.6332762,-0.6392884254455566,0.22515793641408283,0.0899372829331292
1712268668.6342955,-0.38150883383221096,0.12181572616100311,0.04264508270555072
1712268668.6353145,-0.09886186156007978,0.003760386672284868,-0.008849135289589563
1712268668.6363337,0.18837511539459229,-0.13248528871271345,-0.08415160907639398
1712268668.6373527,0.4787842432657877,-0.24841608272658453,-0.17346383796797857
1712268668.638372,0.7541299528545803,-0.34158100684483844,-0.23440630899535284
1712268668.639391,0.9916418790817261,-0.43264445331361556,-0.2935975458886888
1712268668.6404102,1.1773074997795951,-0.46801911460028756,-0.3286219636599223
1712268668.6414292,1.3062225447760687,-0.4729225238164266,-0.34123076332939994
1712268668.6424482,1.3727819919586182,-0.4816786117023892,-0.3566414780086941
1712268668.6434674,1.3731323348151312,-0.47362301084730357,-0.36294589440027875
1712268668.6444864,1.3132288720872667,-0.42809128761291504,-0.344733198483785
1712268668.6455057,1.1888678868611653,-0.3611946768230862,-0.2900951107343038
1712268668.6465247,1.0039028194215562,-0.2963995271258884,-0.2424619264072842
1712268668.647544,0.7649896542231241,-0.1923770209153493,-0.1906258033381568
1712268668.648563,0.4843892653783162,-0.09430868758095635,-0.13423651456832886
1712268668.6495821,0.17681481109725103,-0.02215840957230992,-0.09220722648832533
1712268668.6506011,-0.14579456713464525,0.08223041064209408,-0.043523299197355904
1712268668.6516201,-0.4599634806315104,0.19257886542214286,0.017072265553805564
1712268668.6526394,-0.7524173127280341,0.28436077965630424,0.0629632133576605
1712268668.6536584,-0.9996895657645332,0.3491686118973626,0.08047884537114038
1712268668.6546776,-1.1832174989912245,0.4202820526229011,0.09273978571097057
1712268668.6556966,-1.302300426695082,0.4630202054977417,0.11480947335561116
1712268668.6567159,-1.3576389683617485,0.481586754322052,0.12251635392506917
1712268668.6577349,-1.3492331239912245,0.5183695753415426,0.13722947902149624
1712268668.6587539,-1.2823365794287787,0.5211720863978068,0.14598730537626478
1712268668.659773,-1.1664058102501762,0.47633207506603664,0.1277710414595074
1712268668.660792,-1.0007403294245403,0.4181801941659715,0.09659322599569956
1712268668.6618114,-0.7860406902101305,0.3589773509237501,0.07837697035736507
1712268668.6628304,-0.5324640207820468,0.2671954532464345,0.06366384112172656
1712268668.6638496,-0.2519185178809696,0.15054136514663696,0.01812320202589035
1712268668.6648686,0.047899774379200406,0.04299539658758375,-0.028813046713670094
1712268668.6658878,0.3530220521820916,-0.1006130791372723,-0.08485209610727099
1712268668.6669068,0.6434311469395956,-0.24981705678833854,-0.1503477328353458
1712268668.6679258,0.8995096551047431,-0.35944345924589366,-0.19693020317289564
1712268668.668945,1.1100475655661688,-0.4435020354059007,-0.23335557844903734
1712268668.669964,1.257529126273261,-0.5191547340816921,-0.27223267489009434
1712268668.6709833,1.345457633336385,-0.5667879184087118,-0.32546977202097577
1712268668.6720023,1.3752341270446777,-0.5615342987908257,-0.34893612066904706
1712268668.6730216,1.3395023345947266,-0.5468240049150255,-0.3559409909778171
1712268668.6740406,1.2407141261630588,-0.4890337586402893,-0.34928636418448555
1712268668.6750596,1.0806212822596233,-0.37695563501781887,-0.3153126769595676
1712268668.6760788,0.8707840575112237,-0.2750346230136024,-0.27783658769395614
1712268668.6770978,0.6154061688317193,-0.16891067226727804,-0.24106095234553018
1712268668.678117,0.3277995189030965,-0.043523299197355904,-0.1913262903690338
1712268668.679136,0.02407851732439465,0.10009634825918409,-0.11041991412639618
1712268668.6801553,-0.28729316261079574,0.20939388208919102,-0.029863779329591326
1712268668.6811743,-0.5800972382227579,0.31658954090542263,0.032135705567068525
1712268668.6821935,-0.8382270733515421,0.41187455256779987,0.09309009545379214
1712268668.6832125,-1.0459218422571819,0.4434026943312751,0.13442698452207777
1712268668.6842315,-1.2017803721957736,0.462319552898407,0.16280230548646715
1712268668.6852508,-1.2966965304480658,0.48824270566304523,0.19433043069309658
1712268668.6862698,-1.3338224093119304,0.48333833614985144,0.21184606684578788
1712268668.687289,-1.318411694632636,0.4458548625310262,0.1950310667355855
1712268668.688308,-1.2441599369049072,0.4115242428249783,0.149840729104148
1712268668.6893272,-1.1166711648305256,0.37088798152075875,0.11971385114722781
1712268668.6903462,-0.9404983785417345,0.30187639925214976,0.07172102729479472
1712268668.6913655,-0.7187938690185547,0.24897919760810003,0.02898289304640558
1712268668.6923845,-0.7187938690185547,0.24897919760810003,0.02898289304640558
1712268668.6934035,0.9898902972539265,-0.425989826520284,-0.2841409709718492
1712268668.6944227,1.1780081854926214,-0.4582122630543179,-0.32301806741290623
1712268668.6954417,1.3076237837473552,-0.464866922961341,-0.3391293022367689
1712268668.696461,1.3741832309299045,-0.4809781246715122,-0.3559409909778171
1712268668.69748,1.3773360517289903,-0.4715215497546726,-0.36434686846203274
1712268668.6984992,1.3174325890011258,-0.42353812191221446,-0.3436824679374695
1712268668.6995182,1.1916703648037381,-0.3597937027613322,-0.2900951107343038
1712268668.7005372,1.0028518570793998,-0.29499851995044285,-0.24421314398447672
1712268668.7015564,0.7660405503378974,-0.19307750794622633,-0.1923770209153493
1712268668.7025754,0.4875420861774021,-0.09851161804464129,-0.13808919323815239
1712268668.7035947,0.17821605006853738,-0.025310605350467894,-0.09185697469446394
1712268668.7046137,-0.1485965152581533,0.08047884537114038,-0.03686865998639001
1712268668.705633,-0.4631156722704569,0.19257886542214286,0.02442882913682196
1712268668.706652,-0.7552192608515421,0.2808576491143968,0.07242165505886078
1712268668.7076712,-1.0000398423936632,0.3435635897848341,0.08573353290557861
1712268668.7086902,-1.1832174989912245,0.4195814331372579,0.0997460385163625
1712268668.7097092,-1.300549242231581,0.454612672328949,0.12111510667535993
1712268668.7107284,-1.3562379942999945,0.4766823848088582,0.1253188567029105
1712268668.7117474,-1.3506340980529785,0.5134652058283488,0.1375797970427407
1712268668.7127666,-1.2851385275522869,0.5127645863427056,0.14178353879186842
1712268668.7137856,-1.1667560206519232,0.47072705295350814,0.11726166639063093
1712268668.714805,-1.0024915801154242,0.4153776831097073,0.08678447041246626
1712268668.715824,-0.7860406902101305,0.3575761119524638,0.06786759114927715
1712268668.716843,-0.5356162124209933,0.2640426324473487,0.051402900781896375
1712268668.7178621,-0.2554209530353546,0.15054136514663696,0.007263512557579411
1712268668.7188811,0.04264508270555072,0.04369602021243837,-0.03441695123910904
1712268668.7199004,0.3460157910982768,-0.10901894006464216,-0.08730380899376339
1712268668.7209194,0.6357242663701376,-0.25822291771570843,-0.14964724580446878
1712268668.7219386,0.8939046992195977,-0.36434686846203274,-0.1923770209153493
1712268668.7229576,1.103041304482354,-0.45470982789993286,-0.22705119517114428
1712268668.7239769,1.2547266483306885,-0.5282610985967848,-0.26837997966342503
1712268668.7249959,1.3465085294511583,-0.5716913276248508,-0.3202161192893982
1712268668.7260149,1.376635366015964,-0.5678386820687188,-0.343332224422031
1712268668.727034,1.3395023345947266,-0.5527781777911716,-0.3538395298851861
1712268668.728053,1.2403637833065457,-0.4841303163104587,-0.34963660769992405
1712268668.7290723,1.0816722446017795,-0.3706512517399258,-0.31741417116589016
1712268668.7300913,0.8704337146547105,-0.265578031539917,-0.2827399969100952
1712268668.7311106,0.6129539675182766,-0.16085505485534668,-0.24736533562342325
1712268668.7321296,0.32639827993181014,-0.03091451194551256,-0.19622971614201862
1712268668.7331488,0.020925702734125983,0.1078032288286421,-0.10936918358008066
1712268668.7341678,-0.2890443801879883,0.21464856134520635,-0.031614998976389565
1712268668.7351868,-0.5814982122845119,0.32324545913272434,0.03318664514356189
1712268668.736206,-0.8371763759189181,0.4076708025402493,0.09694353573852114
1712268668.737225,-1.0431198279062908,0.433593922191196,0.1361785415146086
1712268668.7382443,-1.2000291877322726,0.4577654931280348,0.16525449024306402
1712268668.7392633,-1.2945951355828178,0.4805358250935872,0.20028574599160087
1712268668.7402825,-1.3324214352501762,0.4780836237801446,0.2135976321167416
1712268668.7413015,-1.317711141374376,0.44235173198911876,0.19327950146463183
1712268668.7423205,-1.2420585420396593,0.4150273733668857,0.15124198463228014
1712268668.7433398,-1.1124682426452637,0.3719389107492235,0.12181572616100311
1712268668.7443588,-0.9359451797273424,0.3032776382234361,0.07172102729479472
1712268668.745378,-0.7156416442659166,0.25703638792037964,0.02863258123397827
1712268668.746397,-0.4526083668073018,0.1957316862212287,-0.009199378805028068
1712268668.7474163,-0.1619057854016622,0.09344041347503662,-0.06733989550007714
1712268668.7484353,0.14458604984813267,-0.020056944340467453,-0.13143455816639793
1712268668.7494545,0.45601394441392684,-0.11672430568271212,-0.1776667767100864
1712268668.7504735,0.745372109942966,-0.2130414214399126,-0.19622971614201862
1712268668.7514925,0.9961959388520982,-0.3212668498357137,-0.2305536303255293
1712268668.7525117,1.195874081717597,-0.3881634606255425,-0.2554209530353546
1712268668.7535307,1.3352984852261014,-0.45611080196168685,-0.2739838924672868
1712268668.75455,1.406762335035536,-0.5258093608750237,-0.2932473023732503
1712268668.755569,1.4046604103512235,-0.5394688910908169,-0.2967497706413269
1712268668.7565882,1.3388016488817003,-0.5142513248655531,-0.27783658769395614
1712268668.7576072,1.2021797233157687,-0.47852642006344265,-0.2606746223237779
1712268668.7586262,1.006355020734999,-0.4196854101286994,-0.2606746223237779
1712268668.7596455,0.764639311366611,-0.3146121899286906,-0.24491363101535374
1712268668.7606645,0.4826376835505167,-0.2018336123890347,-0.21058971683184305
1712268668.7616837,0.1722607347700331,-0.07329404354095459,-0.17311359445254007
1712268668.7627027,-0.14614481065008375,0.09519197046756744,-0.11602381865183511
1712268668.763722,-0.45120739274554783,0.23882013228204516,-0.05683257348007626
1712268668.764741,-0.7307021485434638,0.3453151716126336,-0.010600355971190665
1712268668.7657602,-0.9622134764989216,0.4332436124483744,0.032135705567068525
1712268668.7667792,-1.133482853571574,0.5211720863978068,0.0916888482040829
1712268668.7677982,-1.2525657812754314,0.5551523963610331,0.15439480543136597
1712268668.7688174,-1.3114068243238661,0.5660120646158854,0.18347074588139853
1712268668.7698364,-1.3107062710656059,0.5670630269580417,0.20904355578952366
1712268668.7708557,-1.2557180722554524,0.5061086350017123,0.20869324604670206
1712268668.7718747,-1.154147254096137,0.425887041621738,0.18417136536704168
1712268668.772894,-1.0073949893315632,0.3596779704093933,0.16490418050024244
1712268668.773913,-0.8189636468887329,0.2759532630443573,0.13652885953585306
1712268668.7749321,-0.5920055177476671,0.1659551097287072,0.07942790786425273
1712268668.7759511,-0.3296726942062378,0.057708525823222265,-0.004646206378108925
1712268668.7769701,-0.038970125218232475,-0.04212232099639045,-0.07469501760270861
1712268668.7779894,0.2598388824197981,-0.15910383727815416,-0.14579456713464525
1712268668.7790084,0.5548020866182115,-0.24806583921114603,-0.20883849925465053
1712268668.7800276,0.8241924974653456,-0.30095269282658893,-0.2522687613964081
1712268668.7810466,1.0532969236373901,-0.36854979064729476,-0.2956990400950114
1712268668.7820659,1.2309053209092882,-0.42949226167466903,-0.33667756451500785
1712268668.7830849,1.3503620359632704,-0.45400934086905587,-0.3580424520704481
1712268668.7841039,1.402558618121677,-0.4487556881374783,-0.3377283281750149
1712268668.785123,1.3815397686428494,-0.44525325298309326,-0.3156629204750061
1712268668.786142,1.295713186264038,-0.40567566951115924,-0.2893946237034268
1712268668.7871614,1.1482315593295627,-0.35103758176167804,-0.2526190049118466
1712268668.7881804,0.9457509385214912,-0.3118102418051826,-0.22004630830552843
1712268668.7891996,0.6886214680141872,-0.23965997828377616,-0.18221994241078696
1712268668.7902186,0.38945453034506905,-0.13283553222815195,-0.12232821020815107
1712268668.7912378,0.06366384112172656,-0.020407189925511677,-0.06979160010814667
1712268668.7922568,-0.26837997966342503,0.07732603285047743,-0.03756914701726701
1712268668.7932758,-0.5769450134701198,0.193980120950275,-0.016204260496629607
1712268668.794295,-0.8476836813820733,0.2994241979387071,0.02267726593547397
1712268668.795314,-1.067286729812622,0.37719359000523883,0.0500016493929757
1712268668.7963333,-1.2276984585656059,0.4749308029810587,0.08713478015528785
1712268668.7973523,-1.3212136427561443,0.5421908365355598,0.12672010395261976
1712268668.7983716,-1.3499336772494845,0.5555027061038547,0.13933135403527153
1712268668.7993906,-1.3226146168178983,0.5460442768202888,0.13863073454962835
1712268668.8004096,-1.234703328874376,0.5323820975091722,0.14213386509153578
1712268668.8014288,-1.1016105943255954,0.48824270566304523,0.15859855545891655
1712268668.8024478,-0.9264885716968112,0.40521860122680664,0.13722947902149624
1712268668.803467,-0.7065353128645155,0.3277995189030965,0.10850384831428528
1712268668.804486,-0.4501566621992323,0.2111454473601447,0.0671669633852111
1712268668.8055053,-0.16400726305113897,0.054555713302559324,0.002359136318167051
1712268668.8065243,0.13267541925112405,-0.07189306947920057,-0.056132082309987806
1712268668.8075435,0.42658769422107273,-0.1920267773999108,-0.10166380968358782
1712268668.8085625,0.6991308927536011,-0.31251072883605957,-0.16050481133990818
1712268668.8095815,0.93769371509552,-0.4242386089430915,-0.23405606547991434
1712268668.8106008,1.1356204085879855,-0.4841303163104587,-0.29079559776518077
1712268668.8116198,1.2788981861538358,-0.5352659689055549,-0.32827172014448375
1712268668.812639,1.3587694697909884,-0.5506767166985406,-0.3569917215241326
1712268668.813658,1.3710304101308186,-0.5100484026802911,-0.3559409909778171
1712268668.8146772,1.3212860955132377,-0.46066396766238743,-0.34543368551466197
1712268668.8156962,1.210937632454766,-0.4091781046655443,-0.33702780803044635
1712268668.8167155,1.0455900430679321,-0.3307234247525533,-0.31391170289781356
1712268668.8177345,0.8262943559222751,-0.2130414214399126,-0.2543702224890391
1712268668.8187535,0.56040710873074,-0.10936918358008066,-0.18221994241078696
1712268668.8197727,0.2615904476907518,0.001658511141108142,-0.12372919254832797
1712268668.8207917,-0.05438086473279529,0.12496853868166605,-0.05683257348007626
1712268668.821811,-0.36434686846203274,0.20448949601915148,-0.002544741922368606
1712268668.82283,-0.6546992063522339,0.273851388030582,0.042294772962729134
1712268668.8238492,-0.908626119295756,0.3547736008961995,0.09869510100947486
1712268668.8248682,-1.1107169919543796,0.4143267538812425,0.14703823460472953
1712268668.8258872,-1.2585200203789604,0.44024987353218925,0.16630543602837455
1712268668.8269064,-1.3397766484154594,0.454612672328949,0.15474511517418754
1712268668.8279254,-1.3544868098364935,0.4651220639546712,0.15579604440265232
1712268668.8289447,-1.3128077983856201,0.4384983248180813,0.1438854303624895
1712268668.8299637,-1.214739481608073,0.4272883137067159,0.12321698168913522
1712268668.830983,-1.065885755750868,0.4146770636240641,0.11060572332806057
1712268668.832002,-0.8683480819066365,0.3530220521820916,0.07452353007263607
1712268668.8330212,-0.6329840421676636,0.26649483376079136,0.021276016616159014
1712268668.8340402,-0.35454001691606307,0.18031792508231267,-0.03021402284502983
1712268668.8350592,-0.05192915598551432,0.08958697319030762,-0.054731108248233795
1712268668.8360784,0.25598545869191486,-0.03546768592463599,-0.09430868758095635
1712268668.8370974,0.5541014671325684,-0.14649505416552225,-0.1387896802690294
1712268668.8381166,0.8294471767213609,-0.2554209530353546,-0.17906775077184042
1712268668.8391356,1.0659081406063504,-0.38711273007922703,-0.22705119517114428
1712268668.840155,1.242115365134345,-0.4813283681869507,-0.26347657044728595
1712268668.841174,1.3563173347049289,-0.5282610985967848,-0.27608535355991787
1712268668.8421931,1.3966031869252522,-0.5538289083374871,-0.2820395098792182
1712268668.8432121,1.3699795140160453,-0.5674884054395888,-0.3027039104037815
1712268668.8442311,1.2831019030676947,-0.5268600914213393,-0.31881514522764415
1712268668.8452504,1.137722200817532,-0.4610142111778259,-0.30445512798097396
1712268668.8462694,0.9366428189807467,-0.37870685259501136,-0.2890443801879883
1712268668.8472886,0.6865196095572578,-0.23720827367570665,-0.24911656975746155
1712268668.8483076,0.3989129927423265,-0.0866033136844635,-0.19342775146166483
1712268668.8493268,0.09133853018283844,0.043345710469616786,-0.14649505416552225
1712268668.8503458,-0.22039655182096693,0.1680569847424825,-0.09921210507551828
1712268668.8513649,-0.5156522989273071,0.2983732687102424,-0.03546768592463599
1712268668.852384,-0.7790358199013604,0.4031167427698771,0.04825008412202199
1712268668.853403,-0.9989890787336562,0.46652330292595756,0.10535103579362233
1712268668.8544223,-1.1629033088684082,0.5299298961957296,0.1540444791316986
1712268668.8554413,-1.2676262855529785,0.5383373962508308,0.1897763709227244
1712268668.8564606,-1.313508219189114,0.5015545752313402,0.19713294174936083
1712268668.8574796,-1.3068536917368572,0.47913455300860935,0.20238762100537616
1712268668.8584988,-1.2462614642249212,0.4427020748456319,0.2058907515472836
1712268668.8595178,-1.13908674981859,0.3803464108043247,0.1799676153394911
1712268668.8605368,-0.9849793381161159,0.3032776382234361,0.11726166639063093
1712268668.861556,-0.7793860965304904,0.23952075176768833,0.06016071471903059
1712268668.862575,-0.5338649948438009,0.14423574010531107,0.004461011849343777
1712268668.8635943,-0.2557711965507931,0.04895071188608805,-0.05998476925823423
1712268668.8646133,0.043345710469616786,-0.01830572469366921,-0.10866869654920366
1712268668.8656325,0.3481176495552063,-0.10726771420902675,-0.15910383727815416
1712268668.8666515,0.6420299079683092,-0.2158433695634206,-0.2193458212746514
1712268668.8676705,0.9093184603585137,-0.305856102042728,-0.2711819443437788
1712268668.8686898,1.133518483903673,-0.3615449203385247,-0.2890443801879883
1712268668.8697088,1.2939616044362385,-0.42318787839677596,-0.29464827643500435
1712268668.870728,1.387144856982761,-0.4599634806315104,-0.30480537149641246
1712268668.871747,1.4134181870354545,-0.46066396766238743,-0.29990196228027344
1712268668.8727663,1.3731323348151312,-0.4767752024862501,-0.29464827643500435
1712268668.8737853,1.2659366925557454,-0.4638161924150255,-0.28624243206448025
1712268668.8748045,1.0939331849416096,-0.40462493896484375,-0.25051754381921554
1712268668.8758235,0.8648287587695651,-0.32231758038202923,-0.2060365511311425
1712268668.8768425,0.5824767880969577,-0.23510679602622986,-0.17381409804026285
1712268668.8778617,0.2713992032739851,-0.12372919254832797,-0.15595164563920763
1712268668.8788807,-0.051578912470075816,0.009365388088756137,-0.11322187052832709
1712268668.8799,-0.3692502776781718,0.1239176011747784,-0.07224331299463908
1712268668.880919,-0.6627547740936279,0.26018920871946544,-0.025310605350467894
1712268668.8819382,-0.9142300155427721,0.39716141091452706,0.035989143782191806
1712268668.8829572,-1.1100165049235027,0.47528114583757186,0.07732603285047743
1712268668.8839765,-1.2452107005649142,0.5218727058834499,0.10289885103702545
1712268668.8849955,-1.315259536107381,0.5579549074172974,0.12952260673046112
1712268668.8860145,-1.3236653804779053,0.5775723854700724,0.17471293608347574
1712268668.8870337,-1.2826867898305256,0.5481461352772182,0.19257886542214286
1712268668.8880527,-1.1916233433617485,0.512414276599884,0.18907575143708122
1712268668.889072,-1.0487237903806899,0.45181019438637626,0.17436260978380838
1712268668.890091,-0.8627441856596205,0.33515608972973293,0.1337263567580117
1712268668.8911102,-0.6392884254455566,0.22095418638653225,0.08328134814898173
1712268668.8921292,-0.38185907734764946,0.11831260389751858,0.04369602021243837
1712268668.8931482,-0.10376527905464172,-0.002894986213909255,-0.008148647223909697
1712268668.8941674,0.18347074588139853,-0.14019065433078343,-0.0876540525092019
1712268668.8951864,0.47528114583757186,-0.24596436156166923,-0.17171262039078605
1712268668.8962057,0.7516777515411377,-0.34543368551466197,-0.22740143868658277
1712268668.8972247,0.9902406401104397,-0.43299469682905406,-0.28519170151816475
1712268668.898244,1.1759062608083088,-0.4620649417241414,-0.31776441468132866
1712268668.899263,1.306572887632582,-0.47362301084730357,-0.33527659045325386
1712268668.9002821,1.3734825452168782,-0.4848308033413357,-0.3538395298851861
1712268668.9013011,1.3769857088724773,-0.4771254460016886,-0.36329613791571724
1712268668.9023201,1.3174325890011258,-0.4214366277058919,-0.34193125036027694
1712268668.9033394,1.1906194686889648,-0.3601439462767707,-0.28764340612623424
1712268668.9043584,1.0021512375937567,-0.2932473023732503,-0.24666484859254625
1712268668.9053776,0.7649896542231241,-0.1906258033381568,-0.19342775146166483
1712268668.9063966,0.48333833614985144,-0.10446576608551873,-0.14194187190797594
1712268668.9074159,0.1761141750547621,-0.03091451194551256,-0.1002628356218338
1712268668.9084349,-0.14929700228903028,0.07942790786425273,-0.04422378622823291
1712268668.9094539,-0.46346591578589547,0.18837511539459229,0.01812320202589035
1712268668.910473,-0.7545187738206651,0.2749023338158925,0.06331352723969354
1712268668.911492,-1.0007403294245403,0.3397101495001051,0.0780266523361206
1712268668.9125113,-1.1832174989912245,0.4132757915390862,0.09729384548134273
1712268668.9135303,-1.300899452633328,0.45181019438637626,0.11691135664780934
1712268668.9145496,-1.3569385475582547,0.48018551535076565,0.1263697942097982
1712268668.9155686,-1.3481824927859836,0.5229236351119148,0.14528666933377585
1712268668.9165878,-1.2833873430887859,0.5211720863978068,0.15054136514663696
1712268668.9176068,-1.1657052569919162,0.47528114583757186,0.12707042197386423
1712268668.9186258,-0.9958369202084011,0.42098267210854423,0.09729384548134273
1712268668.919645,-0.7818377680248684,0.36493264966540867,0.08328134814898173
1712268668.920664,-0.5328142642974854,0.26684514350361294,0.06366384112172656
1712268668.9216833,-0.25366973545816207,0.15684699018796286,0.017072265553805564
1712268668.9227023,0.047199146615134344,0.043345710469616786,-0.029863779329591326
1712268668.9237216,0.35337236192491317,-0.10866869654920366,-0.09080624414814843
1712268668.9247406,0.6416796313391792,-0.2564716835816701,-0.1538501845465766
1712268668.9257598,0.899159378475613,-0.3622454073694017,-0.19657995965745714
1712268668.9267788,1.106894744767083,-0.4487556881374783,-0.23195460438728333
1712268668.9277978,1.256478230158488,-0.5275606115659078,-0.27818683120939464
1712268668.928817,1.3479097684224446,-0.5646864573160807,-0.32792147662904525
1712268668.929836,1.376285155614217,-0.5604835351308187,-0.344733198483785
1712268668.9308553,1.3402028878529866,-0.548225012090471,-0.3534892863697476
1712268668.9318743,1.241414811876085,-0.4767752024862501,-0.344032711452908
1712268668.9328935,1.0834237602021959,-0.36714881658554077,-0.30480537149641246
1712268668.9339125,0.8746374977959527,-0.27258291840553284,-0.27293316192097133
1712268668.9349315,0.6192596091164483,-0.164707750082016,-0.23755851719114515
1712268668.9359508,0.3330542312728034,-0.037218903501828514,-0.18642288115289476
1712268668.9369698,0.027231329845057592,0.10289885103702545,-0.10236429671446481
1712268668.937989,-0.2823897533946567,0.2076423168182373,-0.031614998976389565
1712268668.939008,-0.5748435523774889,0.3200926383336385,0.02968351874086592
1712268668.9400272,-0.8343744277954102,0.40486829148398507,0.08748509817653231
1712268668.9410462,-1.0459218422571819,0.4293901721636454,0.12286666366789076
1712268668.9420655,-1.2021307150522869,0.45951707495583427,0.149840729104148
1712268668.9430845,-1.299148268169827,0.48403895563549465,0.18557262089517382
1712268668.9441035,-1.3366243574354384,0.47633207506603664,0.2020373112625546
1712268668.9451227,-1.3205132219526503,0.4384983248180813,0.18031792508231267
1712268668.9461417,-1.2431091732449002,0.41607830259535045,0.14423574010531107
1712268668.947161,-1.1131686634487576,0.3687860899501377,0.11936354140440622
1712268668.94818,-0.9376963641908433,0.30012485053804183,0.07277196480168237
1712268668.9491992,-0.7166924079259237,0.2556351323922475,0.035989143782191806
1712268668.9502182,-0.4522581232918633,0.18942606117990282,-0.003595474279589123
1712268668.9512372,-0.1622560289171007,0.0860838426484002,-0.06383745206726922
1712268668.9522564,0.1477388540903727,-0.024610118319590885,-0.12828235824902853
1712268668.9532754,0.46056800418429905,-0.11602381865183511,-0.17136237687534756
1712268668.9542947,0.7467734151416354,-0.21619362963570488,-0.1920267773999108
1712268668.9553137,0.9958456622229682,-0.31811465819676715,-0.2291526562637753
1712268668.956333,1.194823185602824,-0.38255956437852645,-0.2533194919427236
1712268668.957352,1.3321456644270155,-0.45646104547712535,-0.27678584059079486
1712268668.9583712,1.406762335035536,-0.5233576562669542,-0.2985009882185194
1712268668.9593902,1.4050107532077365,-0.5338649948438009,-0.2974502576722039
1712268668.9604092,1.337750752766927,-0.5135508378346761,-0.2785370747248332
1712268668.9614284,1.1979760064019096,-0.47957715060975814,-0.26347657044728595
1712268668.9624474,1.003202199935913,-0.4196854101286994,-0.26487754450904
1712268668.9634666,0.7625374529096816,-0.31005902422799003,-0.24561411804623073
1712268668.9644856,0.48333833614985144,-0.20428531699710423,-0.20988922980096605
1712268668.965505,0.17436260978380838,-0.07154282596376207,-0.16961115929815504
1712268668.966524,-0.14649505416552225,0.09869510100947486,-0.10901894006464216
1712268668.9675431,-0.45646104547712535,0.23741887675391302,-0.05192915598551432
1712268668.9685621,-0.7321031226052178,0.3383089105288188,-0.0070979151253898936
1712268668.9695811,-0.9639647271898057,0.4356958137618171,0.03844133267800013
1712268668.9706004,-1.133132643169827,0.5169683363702562,0.10254853301578097
1712268668.9716194,-1.2504643864101834,0.5544517768753899,0.16105074021551344
1712268668.9726386,-1.3124575879838731,0.5628593100441827,0.1911776264508565
1712268668.9736576,-1.3103560606638591,0.5583051840464274,0.21289699607425266
1712268668.9746768,-1.2564184930589464,0.49770113494661117,0.20869324604670206
1712268668.9756958,-1.157299412621392,0.4213329818513658,0.18312043613857693
1712268668.9767148,-1.0108974244859483,0.3551239106390211,0.1638532347149319
1712268668.977734,-0.8193139235178629,0.2717495130168067,0.12917229698763952
1712268668.978753,-0.5955079529020522,0.16105074021551344,0.06576571613550186
1712268668.9797723,-0.3335253728760613,0.05595696055226856,-0.01970670082502895
1712268668.9807913,-0.03967061224910948,-0.04212232099639045,-0.08415160907639398
1712268668.9818106,0.25913826293415493,-0.16015456782446966,-0.15244919392797682
1712268668.9828296,0.5512989560763041,-0.24071070883009169,-0.20953898628552753
1712268668.9838488,0.8182371324963039,-0.29990196228027344,-0.24666484859254625
1712268668.9848678,1.0504943794674344,-0.37415368689431083,-0.2897448672188653
1712268668.9858868,1.2305551105075412,-0.4350961579216851,-0.3286219636599223
1712268668.986906,1.353164513905843,-0.4631156722704569,-0.346134172545539
1712268668.987925,1.4039598570929632,-0.4585625065697564,-0.32546977202097577
1712268668.9889443,1.383641693327162,-0.4578620195388794,-0.30830780665079754
1712268668.9899633,1.2981654538048637,-0.4112795657581753,-0.28694291909535724
1712268668.9909825,1.1517347229851616,-0.3580424520704481,-0.25401997897360057
1712268668.9920015,0.9464515580071343,-0.3209166063202752,-0.22565020455254448
1712268668.9930205,0.6882711913850572,-0.2417614393764072,-0.1899253163072798
1712268668.9940398,0.3908558024300469,-0.13038382762008244,-0.13108431465095943
1712268668.9950588,0.062262589732805886,-0.02320914218823115,-0.07959843509727053
1712268668.996078,-0.27153218785921734,0.07872728010018666,-0.052979886531829834
1712268668.997097,-0.5765947368409898,0.2013366917769114,-0.025310605350467894
1712268668.9981163,-0.8501353528764513,0.3032776382234361,0.017072265553805564
1712268668.9991353,-1.069037914276123,0.38209799263212413,0.04965133551094267
1712268669.0001545,-1.2273482481638591,0.47528114583757186,0.0920391579469045
1712268669.0011735,-1.31981266869439,0.5365858475367228,0.131974791487058
1712268669.0021925,-1.3495834668477376,0.5449933475918239,0.14493635959095424
1712268669.0032117,-1.31981266869439,0.5341336462232802,0.14353510406282213
1712268669.0042307,-1.233652565214369,0.5243249071968926,0.14914010961850485
1712268669.00525,-1.0970574617385864,0.4812364445792304,0.16245199574364555
1712268669.006269,-0.9219354391098022,0.4076708025402493,0.14213386509153578
1712268669.0072882,-0.7033830881118774,0.3306020299593608,0.11060572332806057
1712268669.0083072,-0.44595374001397026,0.21009450157483417,0.06366384112172656
1712268669.0093265,-0.16365701953570047,0.060861338343885206,-0.0011437657910088699
1712268669.0103455,0.12882197896639505,-0.06453794323735766,-0.056482329964637756
1712268669.0113645,0.4251864221360948,-0.18151945537990993,-0.10376527905464172
1712268669.0123837,0.6938762134975857,-0.30480537149641246,-0.1626062724325392
1712268669.0134027,0.9331396553251479,-0.41408151388168335,-0.23965997828377616
1712268669.014422,1.133518483903673,-0.4750239849090576,-0.2935975458886888
1712268669.015441,1.2771466043260362,-0.5335147513283623,-0.3303731812371148
1712268669.0164602,1.3563173347049289,-0.548225012090471,-0.3573419650395711
1712268669.0174792,1.3720813062455919,-0.5030434992578294,-0.3541897734006246
1712268669.0184982,1.3209357526567247,-0.4578620195388794,-0.342631737391154
1712268669.0195174,1.2123388714260526,-0.40427469544940525,-0.3335253728760613
1712268669.0205364,1.0462906625535753,-0.3216170933511522,-0.3055058585272895
1712268669.0215557,0.8294471767213609,-0.21023947331640455,-0.2421116828918457
1712268669.0225747,0.5600567658742269,-0.10901894006464216,-0.17276335093710157
1712268669.023594,0.2594885726769765,0.0034100740837554135,-0.1128716187344657
1712268669.024613,-0.0550813517636723,0.1277710414595074,-0.04877696020735635
1712268669.0256321,-0.36399662494659424,0.20413918627632988,0.0034100740837554135
1712268669.0266511,-0.6564503908157349,0.2763035727871789,0.0461482091082467
1712268669.0276701,-0.908275908894009,0.3575761119524638,0.10044665800200568
1712268669.0286894,-1.1131686634487576,0.4146770636240641,0.14283448457717896
1712268669.0297084,-1.2627229425642226,0.43639643324746025,0.15544573465983072
1712268669.0307276,-1.3432790173424614,0.45286112361484104,0.14248417483435735
1712268669.0317466,-1.3569385475582547,0.4658226834403144,0.14493635959095424
1712268669.0327659,-1.3138585620456271,0.4430523845884535,0.13302572899394566
1712268669.0337849,-1.218241850535075,0.4328933027055528,0.11656103862656488
1712268669.034804,-1.069037914276123,0.4146770636240641,0.10500072605080074
1712268669.035823,-0.8711500300301446,0.3530220521820916,0.07031978004508548
1712268669.036842,-0.6350855032602946,0.2650935782326592,0.022326954123046663
1712268669.0378613,-0.3555907474623786,0.18066825138198003,-0.02215840957230992
1712268669.0388803,-0.05262964301639133,0.08468259539869097,-0.04387354271279441
1712268669.0398996,0.2545842031637828,-0.04562476028998693,-0.08625307016902499
1712268669.0409186,0.5530505379041036,-0.1527994540002611,-0.13353601925902897
1712268669.0419378,0.8294471767213609,-0.2690804832511478,-0.17696628967920938
1712268669.0429568,1.064156625005934,-0.4011225038104587,-0.2291526562637753
1712268669.0439758,1.2400135729047987,-0.4841303163104587,-0.26837997966342503
1712268669.044995,1.3507122463650174,-0.5303625596894158,-0.2834404839409722
1712268669.046014,1.3927498128679063,-0.5566308233473036,-0.2971000141567654
1712268669.0470333,1.3661260075039334,-0.5646864573160807,-0.3216170933511522
1712268669.0480523,1.280649767981635,-0.5216064386897616,-0.3345761034223768
1712268669.0490716,1.1324675877888997,-0.4589127500851949,-0.31846490171220565
1712268669.0500906,0.929986900753445,-0.37835660907957286,-0.29920147524939644
1712268669.0511098,0.6795133484734429,-0.23580728305710685,-0.2543702224890391
1712268669.0521288,0.3947092427147759,-0.09045600063270992,-0.19587947262658012
1712268669.0531478,0.08328134814898173,0.030734456247753568,-0.14789602822727627
1712268669.054167,-0.22284825642903644,0.15544573465983072,-0.1006130791372723
1712268669.055186,-0.5142513248655531,0.29136700762642753,-0.028813046713670094
1712268669.0562053,-0.7751831743452284,0.3908558024300469,0.05595696055226856
1712268669.0572243,-0.9968876176410251,0.45951707495583427,0.1120069788561927
1712268669.0582435,-1.1622028880649142,0.5204714669121636,0.16035012072987026
1712268669.0592625,-1.2651745478312175,0.5292292767100863,0.18942606117990282
1712268669.0602815,-1.314208772447374,0.5005036460028754,0.19468074043591815
1712268669.0613008,-1.30580292807685,0.48228737380769515,0.201687001519733
1712268669.0623198,-1.2445101473066542,0.44795675410164726,0.201687001519733
1712268669.063339,-1.13838619656033,0.3852507803175184,0.17506324582629734
1712268669.064358,-0.986030101776123,0.306430459022522,0.11235728859901428
1712268669.0653772,-0.7818377680248684,0.24022138781017727,0.05700790219836765
1712268669.0663962,-0.5366669429673089,0.14073260956340367,0.0009578859640492334
1712268669.0674155,-0.25752241412798565,0.05245383828878403,-0.061735990974638194
1712268669.0684345,0.041944459080696106,-0.01550377243094974,-0.10516625311639574
1712268669.0694535,0.3498692313830058,-0.1128716187344657,-0.15735261970096165
1712268669.0704727,0.6455330716239082,-0.22074679533640543,-0.21619362963570488
1712268669.0714917,0.9110699759589301,-0.30935853719711304,-0.266278518570794
1712268669.072511,1.1342191696166992,-0.36749906010097927,-0.2820395098792182
1712268669.07353,1.2936113940344915,-0.42914201815923053,-0.28589218854904175
1712268669.0745492,1.387144856982761,-0.4617146982087029,-0.2956990400950114
1712268669.0755682,1.4127176337771945,-0.4624151852395799,-0.2939477894041273
1712268669.0765874,1.3734825452168782,-0.48307958576414317,-0.2883438931571113
1712268669.0776064,1.2638347678714328,-0.4718717932701111,-0.28133902284834117
1712268669.0786254,1.091130640771654,-0.4074268870883518,-0.2445633874999152
1712268669.0796447,0.8592237366570367,-0.32792147662904525,-0.20533604754341972
1712268669.0806637,0.5786233478122287,-0.2417614393764072,-0.1787175072564019
1712268669.081683,0.26859670877456665,-0.127231627702713,-0.1629565159479777
1712268669.082702,-0.05333013004726834,0.007613825404809581,-0.12337894075446658
1712268669.0837212,-0.37240246931711835,0.12321698168913522,-0.08275063501463996
1712268669.0847402,-0.668008459938897,0.2612401379479302,-0.03441695123910904
1712268669.0857592,-0.9180827273262872,0.39260735114415485,0.02863258123397827
1712268669.0867784,-1.1135188738505046,0.47423018349541557,0.07102040780915155
1712268669.0877974,-1.2490634123484294,0.5211720863978068,0.10289885103702545
1712268669.0888166,-1.3138585620456271,0.5621586243311564,0.13442698452207777
1712268669.0898356,-1.3233151700761583,0.5754705270131429,0.18347074588139853
1712268669.090855,-1.2805853949652777,0.5439423852496676,0.201687001519733
1712268669.091874,-1.1881208419799805,0.5134652058283488,0.2034385667906867
1712268669.0928931,-1.0455715656280518,0.4448039333025614,0.1915279361936781
1712268669.0939121,-0.8602924479378594,0.32709889941745335,0.14808918039004007
1712268669.0949311,-0.6389382150438097,0.22200513217184278,0.0958925982316335
1712268669.0959504,-0.38045810328589547,0.11761197613345252,0.05245383828878403
1712268669.0969694,-0.10236429671446481,-0.0014940098238488038,-0.007798403191069761
1712268669.0979886,0.18417136536704168,-0.13458675808376735,-0.09045600063270992
1712268669.0990076,0.477733314037323,-0.23930973476833767,-0.17451458507113987
1712268669.1000268,0.7485249307420518,-0.3387790587213304,-0.23545703954166836
1712268669.1010458,0.9863871998257107,-0.42388836542765296,-0.2939477894041273
1712268669.1020648,1.1745050218370225,-0.4484054446220398,-0.3251195285055372
1712268669.103084,1.3058723343743217,-0.46346591578589547,-0.34088051981396145
1712268669.104103,1.3741832309299045,-0.48342982927958167,-0.35839272869957817
1712268669.1051223,1.376635366015964,-0.4722220367855496,-0.36504735549290973
1712268669.1061413,1.3156810071733263,-0.42318787839677596,-0.3373780846595764
1712268669.1071606,1.188167201148139,-0.36714881658554077,-0.2837907274564107
1712268669.1081796,1.0003997219933403,-0.3020034233729045,-0.2428121699227227
1712268669.1091988,0.764289034737481,-0.19903166426552665,-0.1913262903690338
1712268669.1102178,0.48614081409242416,-0.1142726010746426,-0.1398404108153449
1712268669.1112368,0.17646448479758367,-0.03511743826998605,-0.09851161804464129
1712268669.112256,-0.14789602822727627,0.07697571482923296,-0.04457402974367142
1712268669.113275,-0.46451667944590247,0.18872544169425964,0.01391945199833976
1712268669.1142943,-0.7594221830368042,0.2731507685449388,0.05560665080944697
1712268669.1153133,-1.0049432516098022,0.3432132800420125,0.06786759114927715
1712268669.1163325,-1.1867198679182265,0.4181801941659715,0.0902875926759508
1712268669.1173515,-1.304051743613349,0.4549630151854621,0.10850384831428528
1712268669.1183708,-1.3604410489400227,0.48719174332088894,0.11971385114722781
1712268669.1193898,-1.3523854149712455,0.5236242545975579,0.13933135403527153
1712268669.1204088,-1.2833873430887859,0.5138155155711703,0.14353510406282213
1712268669.121428,-1.1657052569919162,0.46862519449657863,0.12286666366789076
1712268669.122447,-0.9961871306101481,0.4132757915390862,0.0958925982316335
1712268669.1234663,-0.7811372809939914,0.35827673143810695,0.08503290514151256
1712268669.1244853,-0.5314132902357314,0.25703638792037964,0.06366384112172656
1712268669.1255045,-0.25016730030377704,0.15159229437510172,0.01847351590792338
1712268669.1265235,0.046848836872312755,0.03844133267800013,-0.026011094450950623
1712268669.1275425,0.3530220521820916,-0.11707454919815063,-0.08590282665358649
1712268669.1285617,0.6420299079683092,-0.2564716835816701,-0.14789602822727627
1712268669.1295807,0.8960065576765273,-0.35874297221501666,-0.18922482927640277
1712268669.1306,1.1058437824249268,-0.44665422704484725,-0.22670095165570575
1712268669.131619,1.2547266483306885,-0.5244083868132697,-0.2746843794981639
1712268669.1326382,1.3465085294511583,-0.5632854832543267,-0.32722098959816825
1712268669.1336572,1.376285155614217,-0.5618845091925727,-0.344733198483785
1712268669.1346765,1.3398525449964735,-0.549625986152225,-0.3562912344932556
1712268669.1356955,1.2382619910769992,-0.4757244719399346,-0.347535146607293
1712268669.1367145,1.0816722446017795,-0.36819954713185626,-0.3121604853206211
1712268669.1377337,0.8725356393390231,-0.27188243137465584,-0.28133902284834117
1712268669.1387527,0.6171577506595187,-0.16610872414377,-0.24421314398447672
1712268669.139772,0.333404541015625,-0.0323154880768723,-0.18782385521464878
1712268669.140791,0.025479766643709607,0.10009634825918409,-0.10096332265271081
1712268669.1418102,-0.28659267557991874,0.2058907515472836,-0.03021402284502983
1712268669.1428292,-0.5807977252536349,0.3176404701338874,0.03563883403937022
1712268669.1438482,-0.8371763759189181,0.39540986220041907,0.09379072321785821
1712268669.1448674,-1.0459218422571819,0.4223839441935221,0.13092385398017034
1712268669.1458864,-1.2021307150522869,0.4535617431004842,0.1621016694439782
1712268669.1469057,-1.2980975045098198,0.47633207506603664,0.1950310667355855
1712268669.1479247,-1.3383755418989394,0.47212832503848606,0.2058907515472836
1712268669.148944,-1.321563853157891,0.4370970527331034,0.18031792508231267
1712268669.149963,-1.2445101473066542,0.4150273733668857,0.14423574010531107
1712268669.1509821,-1.1142194271087646,0.3677351607216729,0.11340822610590193
1712268669.1520011,-0.9390974044799805,0.30432860056559247,0.06436446474658118
1712268669.1530201,-0.7177431053585476,0.2650935782326592,0.026180392338169944
1712268669.1540394,-0.45470982789993286,0.1960819959640503,-0.013052063683668772
1712268669.1550584,-0.164707750082016,0.09133853018283844,-0.07154282596376207
1712268669.1560776,0.14353510406282213,-0.01830572469366921,-0.13073407113552094
1712268669.1570966,0.4553133249282837,-0.1128716187344657,-0.16785994172096252
1712268669.1581159,0.7446714904573228,-0.22004630830552843,-0.18712336818377176
1712268669.1591349,0.9937437375386555,-0.32266782389746773,-0.22249801291359794
1712268669.160154,1.1937722894880507,-0.39201613929536605,-0.24596436156166923
1712268669.161173,1.3338972462548149,-0.46942008866204155,-0.2701312137974633
1712268669.162192,1.4046604103512235,-0.5359664559364319,-0.2935975458886888
1712268669.1632113,1.4039598570929632,-0.5436718132760789,-0.29429803291956586
1712268669.1642303,1.3349482748243544,-0.5177537600199381,-0.2792375617557102
1712268669.1652496,1.1965747674306233,-0.4820288552178277,-0.2704814573129018
1712268669.1662686,1.00250158045027,-0.41583273145887584,-0.2750346230136024
1712268669.1672878,0.760785871081882,-0.30865805016623604,-0.2533194919427236
1712268669.1683068,0.48018551535076565,-0.19938190778096515,-0.22004630830552843
1712268669.1693258,0.16945824027061462,-0.06068525628911124,-0.17906775077184042
1712268669.170345,-0.1513984633816613,0.10745291080739763,-0.11602381865183511
1712268669.171364,-0.45470982789993286,0.24232326282395256,-0.058583791057268776
1712268669.1723833,-0.7314026355743408,0.3453151716126336,-0.009899867905510796
1712268669.1734023,-0.9608125024371676,0.43604612350463867,0.03668977154625787
1712268669.1744215,-1.1324320899115667,0.5183695753415426,0.10745291080739763
1712268669.1754405,-1.2511648072136772,0.5432417657640245,0.16280230548646715
1712268669.1764598,-1.3096556398603652,0.5607573853598701,0.1918782459364997
1712268669.1774788,-1.3096556398603652,0.5544517768753899,0.21429825160238478
1712268669.1784978,-1.2532663345336914,0.48894332514868843,0.20694168077574834
1712268669.179517,-1.153446700837877,0.42098267210854423,0.1820694903532664
1712268669.180536,-1.0070447127024333,0.3579264216952854,0.1638532347149319
1712268669.1815553,-0.8203646209504869,0.2731507685449388,0.12812135948075187
1712268669.1825743,-0.5955079529020522,0.16280230548646715,0.06121165222591824
1712268669.1835935,-0.33212439881430733,0.06051102446185218,-0.021808166056871414
1712268669.1846125,-0.04177207748095194,-0.038269638187355466,-0.08485209610727099
1712268669.1856315,0.2577370074060228,-0.15735261970096165,-0.1534999410311381
1712268669.1866508,0.5512989560763041,-0.23545703954166836,-0.21339166495535108
1712268669.1876698,0.8217402961519029,-0.29464827643500435,-0.2515682743655311
1712268669.188689,1.0536472002665203,-0.3713517387708028,-0.2981507447030809
1712268669.189708,1.2312556637658012,-0.43159372276730007,-0.33492634693781537
1712268669.1907272,1.3514129320780437,-0.45470982789993286,-0.34998685121536255
1712268669.1917462,1.4036095142364502,-0.4575117760234409,-0.32546977202097577
1712268669.1927655,1.3829410076141357,-0.4571615325080024,-0.30935853719711304
1712268669.1937845,1.2974647680918376,-0.41338102685080635,-0.2823897533946567
1712268669.1948035,1.1482315593295627,-0.3664483295546638,-0.24946681327290005
1712268669.1958227,0.9443496995502048,-0.32687074608272976,-0.2193458212746514
1712268669.1968417,0.6844177511003282,-0.24526387453079224,-0.17906775077184042
1712268669.197861,0.3873526718881395,-0.1370384626918369,-0.11917601856920454
1712268669.19888,0.059109777212142944,-0.026361337966389127,-0.07259355651007758
1712268669.1998992,-0.2739838924672868,0.07242165505886078,-0.05017793426911036
1712268669.2009182,-0.5786961979336208,0.19713294174936083,-0.02320914218823115
1712268669.2019374,-0.8483841684129503,0.2934688991970486,0.016721952706575394
1712268669.2029564,-1.068337427245246,0.3782445523473951,0.04299539658758375
1712268669.2039754,-1.2276984585656059,0.47948489586512244,0.08468259539869097
1712268669.2049947,-1.3194624582926433,0.5376367767651876,0.12041447891129388
1712268669.2060137,-1.3499336772494845,0.5505983365906609,0.131974791487058
1712268669.207033,-1.3205132219526503,0.5407895975642734,0.13652885953585306
1712268669.208052,-1.233302354812622,0.5292292767100863,0.15019105540381536
1712268669.2090712,-1.1012603839238484,0.47843393352296615,0.16490418050024244
1712268669.2100902,-0.9254378742641872,0.3985626829995049,0.1438854303624895
1712268669.2111092,-0.7061850362353854,0.3214939104186164,0.11480947335561116
1712268669.2121284,-0.4505069057146708,0.193980120950275,0.07031978004508548
1712268669.2131474,-0.1664589676592085,0.04579789936542511,0.007613825404809581
1712268669.2141666,0.12707042197386423,-0.07469501760270861,-0.045975007944636874
1712268669.2151856,0.4202820526229011,-0.19447848200798035,-0.09605990515814887
1712268669.216205,0.6900227732128567,-0.3209166063202752,-0.16050481133990818
1712268669.217224,0.9317384163538615,-0.42388836542765296,-0.24071070883009169
1712268669.2182431,1.1310663488176134,-0.4841303163104587,-0.2963995271258884
1712268669.2192621,1.2743441263834636,-0.5356162124209933,-0.3377283281750149
1712268669.2202811,1.35351472430759,-0.540169378121694,-0.36399662494659424
1712268669.2213004,1.3675272464752197,-0.49673911597993636,-0.3604941897922092
1712268669.2223194,1.3205854098002117,-0.45400934086905587,-0.3524385558234321
1712268669.2233386,1.2084853649139404,-0.40567566951115924,-0.34053027629852295
1712268669.2243576,1.0441888040966458,-0.3251195285055372,-0.3118102418051826
1712268669.2253768,0.8266446325514052,-0.2144423955016666,-0.24421314398447672
1712268669.2263958,0.5607573853598701,-0.11882577505376604,-0.17521507210201687
1712268669.227415,0.26018920871946544,-0.0007935216934937569,-0.11252137521902719
1712268669.228434,-0.054731108248233795,0.11621072888374329,-0.04562476028998693
1712268669.229453,-0.3618951638539632,0.18837511539459229,0.005161637026402685
1712268669.2304723,-0.6550494167539809,0.2692973282602098,0.04930102162890964
1712268669.2314913,-0.91002709335751,0.35267170932557845,0.10535103579362233
1712268669.2325106,-1.1121178997887504,0.41292548179626465,0.1477388540903727
1712268669.2335296,-1.2595706515842013,0.43919894430372447,0.15894886520173815
1712268669.2345488,-1.3390760951571994,0.4616189334127638,0.14843949013286167
1712268669.2355678,-1.3523854149712455,0.47212832503848606,0.14949041936132643
1712268669.2365868,-1.31210724512736,0.4469058248731825,0.13547792202896541
1712268669.237606,-1.214389271206326,0.44130080276065403,0.11866291364034016
1712268669.238625,-1.066235966152615,0.4251864221360948,0.10535103579362233
1712268669.2396443,-0.8700992663701375,0.35547422038184273,0.06891852865616481
1712268669.2406633,-0.6301820940441555,0.2689470185173882,0.01812320202589035
1712268669.2416825,-0.35033709473080105,0.18522231115235221,-0.025660850935512118
1712268669.2427015,-0.0484267125527064,0.08363165789180331,-0.04702573849095239
1712268669.2437208,0.25703638792037964,-0.04562476028998693,-0.09115648766358693
1712268669.2447398,0.5548020866182115,-0.15244919392797682,-0.13528724511464438
1712268669.2457588,0.8294471767213609,-0.2690804832511478,-0.1780170202255249
1712268669.246778,1.0648572444915771,-0.3983205225732591,-0.22705119517114428
1712268669.247797,1.2386122014787462,-0.4827293422487047,-0.2606746223237779
1712268669.2488163,1.3517632749345567,-0.5275606115659078,-0.27328340543640983
1712268669.2498353,1.3906478881835938,-0.5569810999764336,-0.28659267557991874
1712268669.2508545,1.3640242152743869,-0.5667879184087118,-0.31356145938237506
1712268669.2518735,1.2792485290103488,-0.5216064386897616,-0.32652050256729126
1712268669.2528925,1.1363209618462455,-0.4599634806315104,-0.3146121899286906
1712268669.2539117,0.9334899981816609,-0.37275271283255684,-0.2963995271258884
1712268669.2549307,0.6830165121290419,-0.2295028997792138,-0.2543702224890391
1712268669.25595,0.39716141091452706,-0.08730380899376339,-0.2014833688735962
1712268669.256969,0.0902875926759508,0.03844133267800013,-0.15665213267008463
1712268669.2579882,-0.22074679533640543,0.1638532347149319,-0.10656722717814975
1712268669.2590072,-0.511449376742045,0.2983732687102424,-0.03371646420823203
1712268669.2600265,-0.7772846354378594,0.3978620635138618,0.05105258689986335
1712268669.2610455,-1.0000398423936632,0.4630202054977417,0.10710260106457604
1712268669.2620645,-1.1636038621266682,0.5271273851394653,0.157547609673606
1712268669.2630837,-1.2669258647494845,0.5264267656538222,0.19292919172181022
1712268669.2641027,-1.314208772447374,0.49104518360561794,0.20098638203408983
1712268669.265122,-1.307203902138604,0.4735295640097724,0.2097441918320126
1712268669.266141,-1.2490634123484294,0.4377976722187466,0.21009450157483417
1712268669.2671602,-1.143289672003852,0.37369049257702297,0.18066825138198003
1712268669.2681792,-0.987781286239624,0.30047516028086346,0.11551010111967722
1712268669.2691984,-0.7811372809939914,0.23706856701109144,0.059109777212142944
1712268669.2702174,-0.5335147513283623,0.1400319900777605,-0.002544741922368606
1712268669.2712364,-0.2568219270971086,0.05735821194118924,-0.06733989550007714
1712268669.2722557,0.042294772962729134,-0.0102501114209493,-0.11462284459008111
1712268669.2732747,0.34566548135545516,-0.10831845303376515,-0.17031164632903203
1712268669.274294,0.6381764676835802,-0.2179448472128974,-0.23230484790272182
1712268669.275313,0.9065159161885579,-0.3027039104037815,-0.2795878052711487
1712268669.2763321,1.1293147669898138,-0.3615449203385247,-0.2879936496416728
1712268669.2773511,1.2890573342641194,-0.42879177464379203,-0.2932473023732503
1712268669.2783701,1.3818901114993625,-0.4638161924150255,-0.3013029363420274
1712268669.2793894,1.407112677892049,-0.4743234978781806,-0.2971000141567654
1712268669.2804084,1.3696291711595323,-0.49603862894905937,-0.2921965718269348
1712268669.2814276,1.259981393814087,-0.47747568951712716,-0.27713608410623336
1712268669.2824466,1.0865765810012817,-0.4168834620051914,-0.24106095234553018
1712268669.2834659,0.856771535343594,-0.3335253728760613,-0.2028843429353502
1712268669.2844849,0.5754705270131429,-0.24981705678833854,-0.1787175072564019
1712268669.285504,0.266144507461124,-0.12793211473359,-0.1626062724325392
1712268669.286523,-0.056482329964637756,0.006562887380520502,-0.11847553153832753
1712268669.287542,-0.37450393040974933,0.12251635392506917,-0.07889794806639354
1712268669.2885613,-0.668358736568027,0.2710488935311635,-0.029863779329591326
1712268669.2895803,-0.9184330039554172,0.3999639219707913,0.032135705567068525
1712268669.2905996,-1.1138692167070177,0.473879873752594,0.06996946202384101
1712268669.2916186,-1.2497638331519232,0.5236242545975579,0.10044665800200568
1712268669.2926378,-1.315609746509128,0.56040710873074,0.13442698452207777
1712268669.2936568,-1.3243658012813992,0.571967429584927,0.1820694903532664
1712268669.2946758,-1.2833873430887859,0.5390380157364739,0.1957316862212287
1712268669.295695,-1.1888213952382405,0.5050577057732476,0.1960819959640503
1712268669.296714,-1.0473228163189359,0.4377976722187466,0.1799676153394911
1712268669.2977333,-0.8616934219996134,0.3211436006757948,0.13722947902149624
1712268669.2987523,-0.6396387020746866,0.22130449612935382,0.0920391579469045
1712268669.2997715,-0.38220932086308795,0.11551010111967722,0.05105258689986335
1712268669.3007905,-0.10446576608551873,-0.00849889125674963,-0.007798403191069761
1712268669.3018098,0.1838210556242201,-0.13808919323815239,-0.09395844406551784
1712268669.3028288,0.4749308029810587,-0.23860924773746067,-0.17171262039078605
1712268669.3038478,0.749225550227695,-0.34193125036027694,-0.2309038738409678
1712268669.304867,0.9884890582826402,-0.42353812191221446,-0.2879936496416728
1712268669.305886,1.1773074997795951,-0.4477049575911628,-0.3202161192893982
1712268669.3069053,1.3100760512881808,-0.467668871084849,-0.3391293022367689
1712268669.3079243,1.375934812757704,-0.48342982927958167,-0.3622454073694017
1712268669.3089435,1.3776863945855033,-0.4715215497546726,-0.3692502776781718
1712268669.3099625,1.3174325890011258,-0.4207361406750149,-0.34123076332939994
1712268669.3109818,1.1899187829759386,-0.3664483295546638,-0.2911458412806193
1712268669.3120008,1.0028518570793998,-0.2932473023732503,-0.24911656975746155
1712268669.3130198,0.7632380723953247,-0.1913262903690338,-0.19447848200798035
1712268669.314039,0.48298799329333836,-0.11497308810551961,-0.14404334955745274
1712268669.315058,0.17331168055534363,-0.036168172955513,-0.1006130791372723
1712268669.3160772,-0.1513984633816613,0.07732603285047743,-0.03932036873367097
1712268669.3170962,-0.466267897023095,0.18452167510986328,0.021276016616159014
1712268669.3181155,-0.7594221830368042,0.26684514350361294,0.062262589732805886
1712268669.3191345,-1.0035422775480483,0.3383089105288188,0.07312228282292683
1712268669.3201535,-1.1828672885894775,0.41572799285252887,0.09729384548134273
1712268669.3211727,-1.301249795489841,0.44900768333011204,0.11410885386996798
1712268669.3221917,-1.3562379942999945,0.48719174332088894,0.12566916644573212
1712268669.323211,-1.3478321499294705,0.5274776948822869,0.1438854303624895
1712268669.32423,-1.2805853949652777,0.5176689558558993,0.14143322904904684
1712268669.3252492,-1.1632535192701552,0.473879873752594,0.11796229415469699
1712268669.3262682,-0.9937354591157701,0.42763862344953746,0.09098822044001685
1712268669.3272874,-0.7800865835613674,0.3677351607216729,0.08328134814898173
1712268669.3283064,-0.5328142642974854,0.2619407574335734,0.05981040083699756
1712268669.3293254,-0.2564716835816701,0.15474511517418754,0.016021327012115054
1712268669.3303447,0.04264508270555072,0.03423758265044954,-0.02846280319823159
1712268669.3313637,0.34951892164018417,-0.12127747966183557,-0.08905502657095592
1712268669.332383,0.6360746092266506,-0.25787265764342415,-0.14754578471183777
1712268669.333402,0.8942549758487277,-0.3625956508848402,-0.18747361169921026
1712268669.3344212,1.1023406849967108,-0.4522581232918633,-0.2263506915834215
1712268669.3354402,1.252624723646376,-0.5331645078129238,-0.27783658769395614
1712268669.3364592,1.345107290479872,-0.5639859702852037,-0.32757123311360675
1712268669.3374784,1.3731323348151312,-0.5657372209760878,-0.34543368551466197
1712268669.3384974,1.3381010956234403,-0.5468240049150255,-0.3576922085550096
1712268669.3395166,1.2393128871917725,-0.4666181405385335,-0.344032711452908
1712268669.3405356,1.08027093940311,-0.36329613791571724,-0.31040926774342853
1712268669.3415549,0.8704337146547105,-0.2711819443437788,-0.2816892663637797
1712268669.342574,0.6150558259752061,-0.1626062724325392,-0.24421314398447672
1712268669.3435931,0.3320032689306471,-0.03091451194551256,-0.18642288115289476
1712268669.3446121,0.025129454831282295,0.09939572049511804,-0.09956234859095679
1712268669.3456311,-0.28624243206448025,0.201687001519733,-0.03091451194551256
1712268669.3466504,-0.5790464745627509,0.31869139936235213,0.03458789446287685
1712268669.3476694,-0.8378768629497951,0.3912061121728685,0.09133853018283844
1712268669.3486886,-1.0480233033498128,0.4153776831097073,0.12672010395261976
1712268669.3497076,-1.2038818995157878,0.4514598846435547,0.15859855545891655
1712268669.3507268,-1.300549242231581,0.47598176532321507,0.19257886542214286
1712268669.3517458,-1.3397766484154594,0.46442144446902806,0.2020373112625546
1712268669.352765,-1.3226146168178983,0.4346448845333523,0.17471293608347574
1712268669.353784,-1.2441599369049072,0.41292548179626465,0.14423574010531107
1712268669.354803,-1.1142194271087646,0.36423203017976546,0.11621072888374329
1712268669.3558223,-0.9387471278508503,0.3022267089949714,0.06926884253819783
1712268669.3568413,-0.7180933819876777,0.2612401379479302,0.03493820627530416
1712268669.3578606,-0.45506007141537136,0.18802480565177068,-0.006747670575148529
1712268669.3588796,-0.16365701953570047,0.08188009262084961,-0.06944135659270816
1712268669.3598988,0.14563697907659742,-0.027061827066871855,-0.13073407113552094
1712268669.3609178,0.4577654931280348,-0.11672430568271212,-0.16821018523640102
1712268669.3619368,0.7467734151416354,-0.2263506915834215,-0.19307750794622633
1712268669.362956,0.9961959388520982,-0.3251195285055372,-0.23160436087184483
1712268669.363975,1.1937722894880507,-0.39236638281080455,-0.2547204660044776
1712268669.3649943,1.330043872197469,-0.4750239849090576,-0.28133902284834117
1712268669.3660133,1.4015075895521376,-0.5345654818746779,-0.30340439743465847
1712268669.3670325,1.399055454466078,-0.5387684040599399,-0.2967497706413269
1712268669.3680515,1.3310947683122423,-0.5177537600199381,-0.2802882923020257
1712268669.3690708,1.1930716037750244,-0.4827293422487047,-0.26767949263254803
1712268669.3700898,1.0021512375937567,-0.41933516661326087,-0.27223267489009434
1712268669.3711088,0.7618368334240383,-0.3111097547743055,-0.24666484859254625
1712268669.372128,0.4812364445792304,-0.20918874277008903,-0.21269117792447406
1712268669.373147,0.17191042502721152,-0.06488818675279617,-0.17241310742166308
1712268669.3741663,-0.14474383658832973,0.10430009828673469,-0.11147064467271169
1712268669.3751853,-0.4501566621992323,0.23671825726826984,-0.05683257348007626
1712268669.3762045,-0.7275499900182089,0.34181204107072616,-0.014803284365269873
1712268669.3772235,-0.9569597906536526,0.4427020748456319,0.03318664514356189
1712268669.3782425,-1.1306809054480658,0.5229236351119148,0.10710260106457604
1712268669.3792617,-1.2494136227501762,0.552700228161282,0.15929917494455972
1712268669.3802807,-1.309305297003852,0.5674133698145548,0.19047699040836757
1712268669.3813,-1.3086048762003581,0.5562033255894979,0.21289699607425266
1712268669.382319,-1.2557180722554524,0.48824270566304523,0.20659137103292677
1712268669.3833382,-1.1565989918178983,0.4181801941659715,0.18557262089517382
1712268669.3843572,-1.0080954763624403,0.3540729814105564,0.16945824027061462
1712268669.3853765,-0.8203646209504869,0.27069858378834194,0.13442698452207777
1712268669.3863955,-0.5941069788402981,0.15894886520173815,0.0668166536423895
1712268669.3874145,-0.3296726942062378,0.05981040083699756,-0.015153527880708376
1712268669.3884337,-0.037218903501828514,-0.042822808027267456,-0.07959843509727053
1712268669.3894527,0.2619407574335734,-0.15595164563920763,-0.14964724580446878
1712268669.390472,0.5541014671325684,-0.2295028997792138,-0.20533604754341972
1712268669.391491,0.8241924974653456,-0.2935975458886888,-0.24666484859254625
1712268669.3925102,1.0550484392378066,-0.36784930361641777,-0.29534879657957286
1712268669.3935292,1.2323066923353407,-0.42844153112835354,-0.3345761034223768
1712268669.3945484,1.3521134853363037,-0.4484054446220398,-0.3478853901227315
1712268669.3955674,1.403259171379937,-0.4522581232918633,-0.32301806741290623
1712268669.3965864,1.3832913504706488,-0.45435958438449436,-0.31005902422799003
1712268669.3976057,1.2960635291205511,-0.4084776176346673,-0.28589218854904175
1712268669.3986247,1.149282587899102,-0.36749906010097927,-0.2522687613964081
1712268669.399644,0.9436490800645616,-0.33247464232974583,-0.22494971752166748
1712268669.400663,0.6837171316146851,-0.24421314398447672,-0.18362091647254095
1712268669.4016821,0.3831489218605889,-0.1373887062072754,-0.12898285355832842
1712268669.4027011,0.05805883970525529,-0.03126475546095106,-0.08099940915902455
1712268669.4037201,-0.27328340543640983,0.07417322032981448,-0.05683257348007626
1712268669.4047394,-0.5800972382227579,0.19888449046346876,-0.02496036183502939
1712268669.4057584,-0.8504856295055813,0.29627141025331283,0.015671015199687745
1712268669.4067776,-1.0711393753687541,0.38244830237494576,0.047899774379200406
1712268669.4077966,-1.2287492222256131,0.48333833614985144,0.0920391579469045
1712268669.4088159,-1.321563853157891,0.5383373962508308,0.12672010395261976
1712268669.4098349,-1.3509844409094915,0.5463945865631104,0.13687916927867466
1712268669.410854,-1.3191122478908963,0.5376367767651876,0.14073260956340367
1712268669.411873,-1.231901380750868,0.5264267656538222,0.15264324016041225
1712268669.412892,-1.1019608709547255,0.47423018349541557,0.16315261522928873
1712268669.4139113,-0.9271890587276882,0.4027664330270555,0.13898104429244995
1712268669.4149303,-0.7075860765245225,0.32254483964708114,0.10955478582117292
1712268669.4159496,-0.4491059316529168,0.1918782459364997,0.06051102446185218
1712268669.4169686,-0.16821018523640102,0.04860039800405502,-0.006047182509468662
1712268669.4179878,0.1253188567029105,-0.0743447740872701,-0.05823354754183027
1712268669.4190068,0.4178298513094584,-0.1923770209153493,-0.10761795772446527
1712268669.420026,0.6875705718994141,-0.31811465819676715,-0.16961115929815504
1712268669.421045,0.9303371773825752,-0.4175839490360684,-0.24806583921114603
1712268669.422064,1.1293147669898138,-0.47922690709431964,-0.29499851995044285
1712268669.4230833,1.2736435731252034,-0.5391186475753784,-0.3335253728760613
1712268669.4241023,1.3545657528771293,-0.542971326245202,-0.3566414780086941
1712268669.4251215,1.3692788283030193,-0.49743960301081336,-0.3520883123079936
1712268669.4261405,1.3212860955132377,-0.4617146982087029,-0.3464844160609775
1712268669.4271598,1.2123388714260526,-0.4081273741192288,-0.3377283281750149
1712268669.4281788,1.0466409391827054,-0.3216170933511522,-0.30935853719711304
1712268669.4291978,0.8294471767213609,-0.21199069089359707,-0.2431624134381612
1712268669.430217,0.56040710873074,-0.11567357513639662,-0.17906775077184042
1712268669.431236,0.26053951846228707,0.002709448906696505,-0.11882577505376604
1712268669.4322553,-0.054731108248233795,0.11691135664780934,-0.056132082309987806
1712268669.4332743,-0.3660980860392253,0.1911776264508565,-0.005696938476628727
1712268669.4342935,-0.6599528259701198,0.2692973282602098,0.04159414519866308
1712268669.4353125,-0.9131793181101481,0.35442329115337795,0.09764416350258721
1712268669.4363317,-1.1194731129540336,0.4094223512543572,0.14248417483435735
1712268669.4373507,-1.2651745478312175,0.42763862344953746,0.15334385964605543
1712268669.4383698,-1.3443297810024686,0.4535617431004842,0.14423574010531107
1712268669.439389,-1.3562379942999945,0.45951707495583427,0.14843949013286167
1712268669.440408,-1.313508219189114,0.44024987353218925,0.1361785415146086
1712268669.4414272,-1.216140455669827,0.4395492540465461,0.12321698168913522
1712268669.4424462,-1.065185268719991,0.4213329818513658,0.11130635109212664
1712268669.4434655,-0.8669471078448825,0.3561748398674859,0.07347259256574842
1712268669.4444845,-0.6284309095806545,0.2692973282602098,0.021976642310619354
1712268669.4455035,-0.34893612066904706,0.1876744959089491,-0.020407189925511677
1712268669.4465227,-0.04772622552182939,0.0839819676346249,-0.04247256451182895
1712268669.4475417,0.25668607817755806,-0.042822808027267456,-0.08975551360183291
1712268669.448561,0.5541014671325684,-0.14824627174271476,-0.13143455816639793
1712268669.44958,0.8294471767213609,-0.27328340543640983,-0.17696628967920938
1712268669.4505992,1.064156625005934,-0.40672640005747474,-0.22810192571745977
1712268669.4516182,1.2386122014787462,-0.4855313234859043,-0.2599741352929009
1712268669.4526374,1.3479097684224446,-0.5345654818746779,-0.2753848665290409
1712268669.4536564,1.387495067384508,-0.5660874313778347,-0.2914960847960578
1712268669.4546754,1.3633235295613606,-0.5730923016866049,-0.3198658757739597
1712268669.4556947,1.2788981861538358,-0.5230074127515157,-0.3289722071753608
1712268669.4567137,1.1321172449323866,-0.4627654287550184,-0.3153126769595676
1712268669.457733,0.9320887592103746,-0.37345319986343384,-0.2967497706413269
1712268669.458752,0.6833667887581719,-0.22670095165570575,-0.2515682743655311
1712268669.4597712,0.3985626829995049,-0.08485209610727099,-0.19587947262658012
1712268669.4607902,0.0899372829331292,0.03458789446287685,-0.14999748931990728
1712268669.4618094,-0.21829509072833592,0.16490418050024244,-0.10166380968358782
1712268669.4628284,-0.510748889711168,0.30012485053804183,-0.02425987480415238
1712268669.4638474,-0.7762338717778523,0.3919067316585117,0.05595696055226856
1712268669.4648666,-0.9986388683319092,0.4619692431555854,0.10815353857146369
1712268669.4658856,-1.1636038621266682,0.5169683363702562,0.15719729993078443
1712268669.4669049,-1.2655248906877306,0.5169683363702562,0.18452167510986328
1712268669.4679239,-1.316310167312622,0.493147075176239,0.19257886542214286
1712268669.468943,-1.307904322942098,0.47633207506603664,0.20238762100537616
1712268669.4699621,-1.2480126486884222,0.4434026943312751,0.2013366917769114
1712268669.4709811,-1.1439900928073459,0.377543932861752,0.17085949579874674
1712268669.4720004,-0.989182260301378,0.3088826603359646,0.10920447607835133
1712268669.4730194,-0.7832387420866225,0.24057169755299884,0.05946008695496453
1712268669.4740386,-0.5377176735136244,0.1400319900777605,0.0020088237296375963
1712268669.4750576,-0.2596238917774624,0.05875946333010991,-0.057182816995514765
1712268669.4760768,0.04019289794895384,-0.009199378805028068,-0.10236429671446481
1712268669.4770958,0.34951892164018417,-0.1121711317035887,-0.15805310673183864
1712268669.478115,0.6458833482530382,-0.21864533424377441,-0.2189955777592129
1712268669.479134,0.9128215577867296,-0.30410488446553546,-0.2673292491171095
1712268669.480153,1.1349197228749592,-0.36434686846203274,-0.2799380487865872
1712268669.4811723,1.2922100226084392,-0.4305429922209846,-0.2911458412806193
1712268669.4821913,1.3857434855567083,-0.4571615325080024,-0.3020034233729045
1712268669.4832106,1.410966051949395,-0.4673186275694105,-0.2981507447030809
1712268669.4842296,1.3710304101308186,-0.49183570676379734,-0.2985009882185194
1712268669.4852488,1.259981393814087,-0.4715215497546726,-0.28624243206448025
1712268669.4862678,1.0872772004869249,-0.4081273741192288,-0.24981705678833854
1712268669.4872868,0.8536187145445082,-0.3286219636599223,-0.20673703816201952
1712268669.488306,0.5740692880418565,-0.24526387453079224,-0.18362091647254095
1712268669.489325,0.2671954532464345,-0.12302869723902808,-0.16120529837078518
1712268669.4903443,-0.05368037356270684,0.006562887380520502,-0.11532333162095812
1712268669.4913633,-0.37275271283255684,0.1253188567029105,-0.07364428705639309
1712268669.4923825,-0.665206511815389,0.26964763800303143,-0.02215840957230992
1712268669.4934015,-0.9142300155427721,0.3968111011717054,0.03528852015733719
1712268669.4944208,-1.1089657412634955,0.47072705295350814,0.07277196480168237
1712268669.4954398,-1.2427589628431532,0.5204714669121636,0.1018479135301378
1712268669.4964588,-1.3103560606638591,0.5653114451302422,0.13828042480680677
1712268669.497478,-1.3208634323543973,0.5751202503840128,0.18417136536704168
1712268669.498497,-1.2809356053670247,0.5453436573346456,0.193980120950275
1712268669.4995162,-1.1881208419799805,0.516267716884613,0.19433043069309658
1712268669.5005352,-1.0476730267206829,0.4339442319340176,0.1778657403257158
1712268669.5015545,-0.8630943960613674,0.3207932909329732,0.13337604701519012
1712268669.5025735,-0.6417401631673177,0.22060387664371067,0.0899372829331292
1712268669.5035927,-0.3860619995329115,0.11445916361278957,0.04860039800405502
1712268669.5046117,-0.10831845303376515,-0.00849889125674963,-0.011300844036870532
1712268669.5056307,0.1820694903532664,-0.14019065433078343,-0.09991259210639529
1712268669.50665,0.4766823848088582,-0.24106095234553018,-0.17521507210201687
1712268669.507669,0.7513274749120076,-0.3478853901227315,-0.23265509141816032
1712268669.5086882,0.9895400206247965,-0.4256395830048455,-0.2893946237034268
1712268669.5097072,1.1783585283491347,-0.44665422704484725,-0.31811465819676715
1712268669.5107265,1.3079741266038682,-0.466968384053972,-0.3377283281750149
1712268669.5117455,1.3745335737864177,-0.4855313234859043,-0.35944345924589366
1712268669.5127645,1.3797881868150499,-0.46871960163116455,-0.3660980860392253
1712268669.5137837,1.3198847240871854,-0.4179341925515069,-0.3296726942062378
1712268669.5148027,1.1895684401194255,-0.3667985730701023,-0.2830902404255337
1712268669.515822,1.0018009609646268,-0.2956990400950114,-0.2428121699227227
1712268669.516841,0.7621871100531684,-0.19693020317289564,-0.19097604685359532
1712268669.5178602,0.48403895563549465,-0.12337894075446658,-0.14474383658832973
1712268669.5188792,0.17261106106970045,-0.04177207748095194,-0.10166380968358782
1712268669.5198984,-0.1503477328353458,0.07067008978790706,-0.04317305154270596
1712268669.5209174,-0.46801911460028756,0.1817191806104448,0.014269764845569927
1712268669.5219364,-0.7629246181911892,0.2612401379479302,0.051402900781896375
1712268669.5229557,-1.0073949893315632,0.33865922027164036,0.06261290361483891
1712268669.5239747,-1.1870702107747395,0.41292548179626465,0.0899372829331292
1712268669.524994,-1.304752164416843,0.4472561346160041,0.10955478582117292
1712268669.526013,-1.3579893112182617,0.48929363489151,0.1239176011747784
1712268669.5270321,-1.3478321499294705,0.5260764559110006,0.14668792486190796
1712268669.5280511,-1.2805853949652777,0.5099620752864413,0.14423574010531107
1712268669.5290701,-1.1650048361884222,0.4651220639546712,0.12216604418224758
1712268669.5300894,-0.9982885917027791,0.4146770636240641,0.09869510100947486
1712268669.5311084,-0.7825382550557454,0.3561748398674859,0.0916888482040829
1712268669.5321276,-0.5342152383592393,0.25038045313623214,0.0629632133576605
1712268669.5331466,-0.2529692484272851,0.15124198463228014,0.016721952706575394
1712268669.5341659,0.04474695771932602,0.032836331261528864,-0.031614998976389565
1712268669.5351849,0.348818302154541,-0.125830653640959,-0.09535941812727186
1712268669.536204,0.637125571568807,-0.2561214400662316,-0.15420042806201512
1712268669.537223,0.8904015355639987,-0.3562912344932556,-0.19377799497710332
1712268669.538242,1.0981369018554688,-0.4491059316529168,-0.23335557844903734
1712268669.5392613,1.2470197677612305,-0.5282610985967848,-0.2886941366725498
1712268669.5402803,1.3423048125372992,-0.5587322844399346,-0.33212439881430733
1712268669.5412996,1.3710304101308186,-0.5597830480999416,-0.34823563363817
1712268669.5423186,1.3363495137956407,-0.5433215697606405,-0.35489026043150157
1712268669.5433378,1.2379116482204862,-0.46346591578589547,-0.3380785716904534
1712268669.5443568,1.0834237602021959,-0.36399662494659424,-0.30480537149641246
1712268669.545376,0.8739368783103095,-0.27328340543640983,-0.27643559707535637
1712268669.546395,0.6213614675733778,-0.166809211174647,-0.24106095234553018
1712268669.547414,0.3383089105288188,-0.028112559682793088,-0.18116921186447144
1712268669.5484333,0.02968351874086592,0.09869510100947486,-0.09325795703464083
1712268669.5494523,-0.2837907274564107,0.20694168077574834,-0.03126475546095106
1712268669.5504715,-0.5769450134701198,0.3207932909329732,0.03423758265044954
1712268669.5514905,-0.8357754018571641,0.39015518294440377,0.08748509817653231
1712268669.5525098,-1.0459218422571819,0.4202820526229011,0.12111510667535993
1712268669.5535288,-1.2031813462575276,0.4581158028708564,0.157547609673606
1712268669.5545478,-1.2980975045098198,0.4805358250935872,0.19047699040836757
1712268669.555567,-1.3397766484154594,0.46862519449657863,0.19853418072064716
1712268669.556586,-1.3226146168178983,0.4356958137618171,0.16945824027061462
1712268669.5576053,-1.2466116746266682,0.41397644413842094,0.14213386509153578
1712268669.5586243,-1.1166711648305256,0.3600282801522149,0.11410885386996798
1712268669.5596435,-0.9394476148817275,0.30467891030841404,0.06926884253819783
1712268669.5606625,-0.7152914338641696,0.2689470185173882,0.03668977154625787
1712268669.5616817,-0.4533088538381788,0.193980120950275,-0.006397426542308595
1712268669.5627007,-0.15980432430903116,0.08538322316275702,-0.06733989550007714
1712268669.5637197,0.14949041936132643,-0.01830572469366921,-0.1275818712181515
1712268669.564739,0.458466112613678,-0.1118208881881502,-0.15805310673183864
1712268669.565758,0.7446714904573228,-0.2196960647900899,-0.18432142006026372
1712268669.5667772,0.9930431180530124,-0.3191653887430827,-0.22214776939815944
1712268669.5677962,1.1927212609185112,-0.3895644346872965,-0.24981705678833854
1712268669.5688155,1.3324960072835286,-0.4750239849090576,-0.27678584059079486
1712268669.5698345,1.4008070362938774,-0.5352659689055549,-0.29885123173395794
1712268669.5708535,1.399405797322591,-0.5394688910908169,-0.29464827643500435
1712268669.5718727,1.3282922903696697,-0.5177537600199381,-0.2802882923020257
1712268669.5728917,1.1927212609185112,-0.4858815670013428,-0.27573511004447937
1712268669.573911,0.9996991025076972,-0.41618297497431433,-0.2802882923020257
1712268669.57493,0.760435594452752,-0.3111097547743055,-0.25366973545816207
1712268669.5759492,0.47913455300860935,-0.2035848299662272,-0.22074679533640543
1712268669.5769682,0.16910793052779302,-0.056132082309987806,-0.1759155591328939
1712268669.5779874,-0.1489467587735918,0.10920447607835133,-0.10796820951832665
1712268669.5790064,-0.4533088538381788,0.23741887675391302,-0.05438086473279529
1712268669.5800254,-0.7314026355743408,0.341111421585083,-0.007798403191069761
1712268669.5810447,-0.9594115283754137,0.4381479819615682,0.04264508270555072
1712268669.5820637,-1.1310311158498128,0.5169683363702562,0.11621072888374329
1712268669.583083,-1.2515150176154242,0.5393883254792955,0.16560479998588562
1712268669.584102,-1.308955086602105,0.5600567658742269,0.19678261544969347
1712268669.5851212,-1.3114068243238661,0.5435920755068461,0.2156995071305169
1712268669.5861402,-1.2574692567189534,0.47423018349541557,0.20308825704786512
1712268669.5871594,-1.1618525452084012,0.4125751720534431,0.17926699585384792
1712268669.5881784,-1.0140495830112033,0.35056985086864895,0.15894886520173815
1712268669.5891974,-0.824917819764879,0.2682463990317451,0.12251635392506917
1712268669.5902166,-0.5986601114273071,0.15824824571609497,0.052804148031605616
1712268669.5912356,-0.33527659045325386,0.06191227585077286,-0.028112559682793088
1712268669.5922549,-0.04632525146007538,-0.045274516774548426,-0.08730380899376339
1712268669.5932739,0.25073076287905377,-0.15980432430903116,-0.15560140212376913
1712268669.594293,0.5467448963059319,-0.22985314329465228,-0.20743752519289652
1712268669.595312,0.8189377519819472,-0.2974502576722039,-0.24526387453079224
1712268669.5963311,1.0508447223239474,-0.37765612204869586,-0.2911458412806193
1712268669.5973504,1.2312556637658012,-0.43719761901431614,-0.3300229377216763
1712268669.5983694,1.3517632749345567,-0.45576055844624835,-0.33982978926764595
1712268669.5993886,1.402208275265164,-0.4617146982087029,-0.31846490171220565
1712268669.6004076,1.3825907972123888,-0.4585625065697564,-0.307957563135359
1712268669.6014268,1.2967642148335774,-0.41338102685080635,-0.2837907274564107
1712268669.6024458,1.1499831411573622,-0.37450393040974933,-0.2568219270971086
1712268669.603465,0.9443496995502048,-0.33212439881430733,-0.2309038738409678
1712268669.604484,0.6830165121290419,-0.2431624134381612,-0.18712336818377176
1712268669.605503,0.38384954134623206,-0.13108431465095943,-0.13073407113552094
1712268669.6065223,0.05525633692741394,-0.025660850935512118,-0.08240039149920146
1712268669.6075413,-0.2746843794981639,0.07767634259329902,-0.061735990974638194
1712268669.6085606,-0.5800972382227579,0.2013366917769114,-0.02671158355143335
1712268669.6095796,-0.8497851424747043,0.2924179699685838,0.01391945199833976
1712268669.6105988,-1.0693881909052532,0.38595143291685313,0.04860039800405502
1712268669.6116178,-1.2266476949055989,0.48649112383524573,0.0958925982316335
1712268669.612637,-1.317010720570882,0.5344839559661018,0.13057354423734877
1712268669.613656,-1.3457307550642226,0.5453436573346456,0.14038229982058206
1712268669.614675,-1.315259536107381,0.5393883254792955,0.14248417483435735
1712268669.6156943,-1.2276984585656059,0.5288789669672648,0.16035012072987026
1712268669.6167133,-1.0953062110477023,0.47528114583757186,0.16700605551401773
1712268669.6177325,-0.9201841884189181,0.4034670525126987,0.14283448457717896
1712268669.6187515,-0.7016319036483765,0.3267485896746318,0.11480947335561116
1712268669.6197708,-0.44735471407572425,0.190126680665546,0.06436446474658118
1712268669.6207898,-0.1657584806283315,0.04649852299027973,-0.0011437657910088699
1712268669.6218088,0.1239176011747784,-0.07084233065446217,-0.05262964301639133
1712268669.622828,0.41677892208099365,-0.19272726443078783,-0.10516625311639574
1712268669.623847,0.6889718108707004,-0.3205663628048367,-0.17346383796797857
1712268669.6248662,0.9324390358395046,-0.4179341925515069,-0.25051754381921554
1712268669.6258852,1.1310663488176134,-0.48027763764063514,-0.29920147524939644
1712268669.6269045,1.2743441263834636,-0.5377176735136244,-0.33947954575220746
1712268669.6279235,1.35351472430759,-0.5356162124209933,-0.36329613791571724
1712268669.6289427,1.3692788283030193,-0.49253619379467434,-0.3573419650395711
1712268669.6299617,1.3247891267140706,-0.45506007141537136,-0.35033709473080105
1712268669.6309807,1.2140903207990859,-0.40462493896484375,-0.33597707748413086
1712268669.632,1.0480422443813748,-0.31741417116589016,-0.30305415391921997
1712268669.633019,0.8294471767213609,-0.21199069089359707,-0.23370582196447584
1712268669.6340382,0.5614580048455132,-0.11497308810551961,-0.17066188984447056
1712268669.6350572,0.2619407574335734,0.004811324696573946,-0.10761795772446527
1712268669.6360765,-0.052279399500952825,0.11656103862656488,-0.043523299197355904
1712268669.6370955,-0.3625956508848402,0.18557262089517382,0.0030597614952259595
1712268669.6381145,-0.6553996933831109,0.2682463990317451,0.047199146615134344
1712268669.6391337,-0.91002709335751,0.3519710898399353,0.10149759550889333
1712268669.6401527,-1.1170213752322726,0.4104733135965135,0.13933135403527153
1712268669.641172,-1.2630731529659696,0.433593922191196,0.14528666933377585
1712268669.642191,-1.3411776224772136,0.46372082498338485,0.14038229982058206
1712268669.6432102,-1.3562379942999945,0.46827488475375706,0.14423574010531107
1712268669.6442292,-1.313508219189114,0.44830706384446883,0.1302232344945272
1712268669.6452484,-1.216140455669827,0.4514598846435547,0.11971385114722781
1712268669.6462674,-1.066586242781745,0.4234348734219869,0.10955478582117292
1712268669.6472864,-0.8690485689375136,0.3509201606114705,0.07207134531603919
1712268669.6483057,-0.6305323706732856,0.2675457629892561,0.02407851732439465
1712268669.6493247,-0.35103758176167804,0.18487200140953064,-0.013402308233910136
1712268669.650344,-0.050528177784548864,0.07767634259329902,-0.03791939467191696
1712268669.651363,0.25493451290660435,-0.04702573849095239,-0.0866033136844635
1712268669.6523821,0.5537511573897468,-0.1549009150928921,-0.13108431465095943
1712268669.6534011,0.8301477962070041,-0.2820395098792182,-0.18011848131815592
1712268669.6544204,1.0624050431781344,-0.4088278611501058,-0.23265509141816032
1712268669.6554394,1.2351091702779133,-0.48693229754765827,-0.26487754450904
1712268669.6564584,1.345107290479872,-0.5321137772666084,-0.2841409709718492
1712268669.6574776,1.3832913504706488,-0.5625849962234497,-0.3016531798574659
1712268669.6584966,1.3584191269344754,-0.5664377080069648,-0.3314239117834303
1712268669.6595159,1.2743441263834636,-0.5205557081434462,-0.33667756451500785
1712268669.6605349,1.1293147669898138,-0.46451667944590247,-0.32301806741290623
1712268669.661554,0.9278849760691324,-0.3699507647090488,-0.3016531798574659
1712268669.662573,0.6767108705308702,-0.2263506915834215,-0.2526190049118466
1712268669.663592,0.39435893297195435,-0.09185697469446394,-0.19903166426552665
1712268669.6646113,0.08923665516906314,0.030033830553293228,-0.15244919392797682
1712268669.6656303,-0.2189955777592129,0.15964948468738133,-0.09886186156007978
1712268669.6666496,-0.5096981591648525,0.2945198284255134,-0.020056944340467453
1712268669.6676686,-0.7744826873143513,0.3852507803175184,0.05665758831633462
1712268669.6686878,-0.9951364331775241,0.4602176944414774,0.10850384831428528
1712268669.6697068,-1.1618525452084012,0.5187198850843642,0.15964948468738133
1712268669.670726,-1.2665755218929715,0.5117136240005493,0.1876744959089491
1712268669.671745,-1.3138585620456271,0.49279676543341744,0.19538137647840711
1712268669.672764,-1.3082546657986112,0.477733314037323,0.20659137103292677
1712268669.6737833,-1.2504643864101834,0.4406001832750108,0.2020373112625546
1712268669.6748023,-1.1446906460656059,0.3750917315483093,0.16840731104214987
1712268669.6758215,-0.988481773270501,0.30678076876534355,0.10535103579362233
1712268669.6768405,-0.7828885316848755,0.23952075176768833,0.05700790219836765
1712268669.6778598,-0.5352659689055549,0.14038229982058206,-0.004295962345268991
1712268669.6788788,-0.2571721706125471,0.0629632133576605,-0.0624364780055152
1712268669.6798978,0.04369602021243837,-0.006747670575148529,-0.10831845303376515
1712268669.680917,0.35021954112582737,-0.1128716187344657,-0.16610872414377
1712268669.681936,0.6455330716239082,-0.21829509072833592,-0.2263506915834215
1712268669.6829553,0.9138725201288859,-0.2981507447030809,-0.265578031539917
1712268669.6839743,1.133518483903673,-0.3597937027613322,-0.27223267489009434
1712268669.6849935,1.2894075446658664,-0.426690313551161,-0.28589218854904175
1712268669.6860125,1.3846925894419353,-0.45470982789993286,-0.2911458412806193
1712268669.6870317,1.4095648129781086,-0.4732727673318651,-0.28764340612623424
1712268669.6880507,1.371731095843845,-0.4981400900416904,-0.2890443801879883
1712268669.6890697,1.2592807081010606,-0.47362301084730357,-0.2746843794981639
1712268669.690089,1.0862263043721516,-0.41408151388168335,-0.2403604653146532
1712268669.691108,0.8539690574010212,-0.3345761034223768,-0.206386794646581
1712268669.6921272,0.5747699075274997,-0.24876632624202305,-0.1902755598227183
1712268669.6931462,0.26649483376079136,-0.12127747966183557,-0.16961115929815504
1712268669.6941655,-0.0557818387945493,0.005161637026402685,-0.12477992309464349
1712268669.6951845,-0.3752044174406263,0.12812135948075187,-0.08695356547832489
1712268669.6962037,-0.666957762506273,0.2780551380581326,-0.03196524249182807
1712268669.6972227,-0.916331476635403,0.40066454145643443,0.02863258123397827
1712268669.6982417,-1.1107169919543796,0.47212832503848606,0.0668166536423895
1712268669.699261,-1.2448604901631672,0.5229236351119148,0.09729384548134273
1712268669.70028,-1.3110566139221191,0.5656617879867554,0.14108291930622524
1712268669.7012992,-1.3219141960144043,0.5688146087858412,0.19047699040836757
1712268669.7023182,-1.2809356053670247,0.5351845754517449,0.2013366917769114
1712268669.7033374,-1.1870702107747395,0.5036564668019613,0.2013366917769114
1712268669.7043564,-1.0466223292880588,0.4241354929076301,0.18101856112480164
1712268669.7053754,-0.8634446726904975,0.3109845187928941,0.13687916927867466
1712268669.7063947,-0.6392884254455566,0.2156995071305169,0.0920391579469045
1712268669.7074137,-0.3846610254711575,0.11410885386996798,0.0461482091082467
1712268669.708433,-0.11006967061095767,-0.0102501114209493,-0.01725499311255084
1712268669.709452,0.18031792508231267,-0.1377389497227139,-0.10726771420902675
1712268669.7104712,0.47247863478130764,-0.23545703954166836,-0.17976823780271742
1712268669.7114902,0.745372109942966,-0.34158100684483844,-0.2403604653146532
1712268669.7125094,0.9849859608544244,-0.41478200091256034,-0.29429803291956586
1712268669.7135284,1.17170254389445,-0.44070005416870117,-0.3216170933511522
1712268669.7145474,1.306572887632582,-0.4666181405385335,-0.342631737391154
1712268669.7155666,1.3727819919586182,-0.48728254106309676,-0.35874297221501666
1712268669.7165856,1.3783869478437636,-0.47362301084730357,-0.3608444333076477
1712268669.7176049,1.3174325890011258,-0.4207361406750149,-0.32722098959816825
1712268669.7186239,1.1909698115454779,-0.37275271283255684,-0.2806385358174642
1712268669.719643,1.0042531622780693,-0.2935975458886888,-0.23930973476833767
1712268669.720662,0.7614864905675252,-0.19903166426552665,-0.18642288115289476
1712268669.721681,0.48298799329333836,-0.13073407113552094,-0.14334286252657572
1712268669.7227004,0.17050918605592516,-0.041071590450074934,-0.09956234859095679
1712268669.7237194,-0.15560140212376913,0.07417322032981448,-0.03861988170279397
1712268669.7247386,-0.47082106272379554,0.17926699585384792,0.017072265553805564
1712268669.7257576,-0.7646758026546902,0.26474326848983765,0.04895071188608805
1712268669.7267768,-1.0073949893315632,0.3439138995276557,0.060861338343885206
1712268669.7277958,-1.1874204211764865,0.41677892208099365,0.09063791069719526
1712268669.728815,-1.304752164416843,0.4507592651579115,0.10710260106457604
1712268669.729834,-1.3576389683617485,0.49419800440470374,0.12251635392506917
1712268669.730853,-1.3481824927859836,0.5281783474816216,0.14353510406282213
1712268669.7318723,-1.2830370002322726,0.5096117655436198,0.14178353879186842
1712268669.7328913,-1.1650048361884222,0.4672239555252923,0.12041447891129388
1712268669.7339106,-0.9940856695175171,0.42483611239327324,0.0979944732454088
1712268669.7349296,-0.7786856094996134,0.36213017172283596,0.09554228848881191
1712268669.7359488,-0.5321137772666084,0.2556351323922475,0.0650650883714358
1712268669.7369678,-0.2519185178809696,0.15509542491700914,0.02267726593547397
1712268669.737987,0.04649852299027973,0.02968351874086592,-0.025310605350467894
1712268669.739006,0.3484679592980279,-0.12968334058920541,-0.0880042960246404
1712268669.740025,0.6346733702553643,-0.2606746223237779,-0.14579456713464525
1712268669.7410443,0.8942549758487277,-0.36294589440027875,-0.18537215060657924
1712268669.7420633,1.0981369018554688,-0.4536590973536173,-0.2288024127483368
1712268669.7430825,1.24947190284729,-0.5335147513283623,-0.2879936496416728
1712268669.7441015,1.3444066047668457,-0.5597830480999416,-0.3338756163914998
1712268669.7451208,1.3738328880733914,-0.5646864573160807,-0.3520883123079936
1712268669.7461398,1.337400409910414,-0.541570352183448,-0.36329613791571724
1712268669.7471588,1.2389625443352592,-0.45646104547712535,-0.3478853901227315
1712268669.748178,1.0834237602021959,-0.3601439462767707,-0.3153126769595676
1712268669.749197,0.876038736767239,-0.27153218785921734,-0.28554194503360325
1712268669.7502162,0.6192596091164483,-0.16400726305113897,-0.24596436156166923
1712268669.7512352,0.3365573618147108,-0.03021402284502983,-0.18186969889534843
1712268669.7522545,0.026180392338169944,0.09554228848881191,-0.09255747000376384
1712268669.7532735,-0.28519170151816475,0.19888449046346876,-0.026011094450950623
1712268669.7542927,-0.577645500500997,0.31238579087787205,0.040543207691775426
1712268669.7553117,-0.8347246381971571,0.3757923510339525,0.09309009545379214
1712268669.7563307,-1.0469725396898057,0.40241612328423393,0.12496853868166605
1712268669.75735,-1.2028311358557806,0.4455045527882046,0.1599997944302029
1712268669.758369,-1.299848821428087,0.4693258139822218,0.1922285556793213
1712268669.7593882,-1.3415278328789604,0.45951707495583427,0.1957316862212287
1712268669.7604072,-1.3236653804779053,0.433593922191196,0.161401049958335
1712268669.7614264,-1.2448604901631672,0.41677892208099365,0.13337604701519012
1712268669.7624454,-1.1145696375105116,0.3656333022647434,0.10289885103702545
1712268669.7634647,-0.9387471278508503,0.31448764933480156,0.059109777212142944
1712268669.7644837,-0.7170426183276706,0.2749023338158925,0.030384144435326256
1712268669.7655027,-0.4526083668073018,0.19538137647840711,-0.012701820168230269
1712268669.766522,-0.1622560289171007,0.08643416066964467,-0.07049208713902368
1712268669.767541,0.14843949013286167,-0.016904748562309477,-0.1261808971563975
1712268669.7685602,0.45951707495583427,-0.11147064467271169,-0.1549009150928921
1712268669.7695792,0.7478243112564087,-0.22494971752166748,-0.18221994241078696
1712268669.7705984,0.9972469011942545,-0.31846490171220565,-0.2158433695634206
1712268669.7716174,1.195173528459337,-0.3934171133571201,-0.24001022179921466
1712268669.7726364,1.3345979319678412,-0.4813283681869507,-0.2704814573129018
1712268669.7736557,1.402558618121677,-0.5331645078129238,-0.2914960847960578
1712268669.7746747,1.399756007724338,-0.5352659689055549,-0.2883438931571113
1712268669.775694,1.3293431864844427,-0.5132005943192376,-0.27678584059079486
1712268669.776713,1.1920207076602511,-0.4806278811560737,-0.27363364895184833
1712268669.7777321,1.0018009609646268,-0.4070766435729133,-0.27608535355991787
1712268669.7787511,0.760435594452752,-0.30095269282658893,-0.24946681327290005
1712268669.7797704,0.47843393352296615,-0.19657995965745714,-0.21864533424377441
1712268669.7807894,0.17085949579874674,-0.045274516774548426,-0.1759155591328939
1712268669.7818084,-0.14579456713464525,0.11761197613345252,-0.11077015764183468
1712268669.7828276,-0.4501566621992323,0.23671825726826984,-0.05963452574279573
1712268669.7838466,-0.7247479756673177,0.3414617313279046,-0.015153527880708376
1712268669.7848659,-0.9545081191592746,0.4427020748456319,0.038791646560033165
1712268669.7858849,-1.1299803521898057,0.5155670642852783,0.11410885386996798
1712268669.786904,-1.2525657812754314,0.5421908365355598,0.15964948468738133
1712268669.787923,-1.309305297003852,0.5593561463885837,0.19292919172181022
1712268669.788942,-1.307904322942098,0.5432417657640245,0.2121963765886095
1712268669.7899613,-1.2567687034606934,0.47563145558039344,0.2037888765335083
1712268669.7909803,-1.1579999658796523,0.4136261012819078,0.18557262089517382
1712268669.7919996,-1.0108974244859483,0.3516207800971137,0.16840731104214987
1712268669.7930186,-0.824567543135749,0.2654438879754808,0.12812135948075187
1712268669.7940378,-0.5990103880564371,0.153694169388877,0.05350477579567167
1712268669.7950568,-0.3345761034223768,0.060861338343885206,-0.024610118319590885
1712268669.796076,-0.042822808027267456,-0.04492427325910992,-0.09045600063270992
1712268669.797095,0.25878795319133335,-0.1538501845465766,-0.16155554188622367
1712268669.798114,0.5505983365906609,-0.2193458212746514,-0.21374190847078958
1712268669.7991333,0.8224409156375461,-0.2911458412806193,-0.2554209530353546
1712268669.8001523,1.0553987820943196,-0.3713517387708028,-0.3055058585272895
1712268669.8011715,1.2323066923353407,-0.42809128761291504,-0.34123076332939994
1712268669.8021905,1.3524638281928167,-0.44595374001397026,-0.3450834419992235
1712268669.8032098,1.4011572466956244,-0.45541031493080986,-0.3212668498357137
1712268669.8042288,1.3818901114993625,-0.4533088538381788,-0.307957563135359
1712268669.805248,1.295713186264038,-0.4084776176346673,-0.2802882923020257
1712268669.806267,1.148932245042589,-0.3790570961104499,-0.24911656975746155
1712268669.807286,0.9422478410932753,-0.33982978926764595,-0.22319849994447497
1712268669.8083053,0.6823158926433986,-0.24736533562342325,-0.17521507210201687
1712268669.8093243,0.3834992316034105,-0.1398404108153449,-0.12127747966183557
1712268669.8103435,0.056307274434301585,-0.036168172955513,-0.07959843509727053
1712268669.8113625,-0.27328340543640983,0.07487383981545766,-0.061735990974638194
1712268669.8123817,-0.5783459875318739,0.2013366917769114,-0.028813046713670094
1712268669.8134007,-0.8497851424747043,0.29697202973895603,0.00866476291169723
1712268669.8144197,-1.0693881909052532,0.39365831348631114,0.04124383545584149
1712268669.815439,-1.224546300040351,0.49454831414752537,0.08678447041246626
1712268669.816458,-1.317010720570882,0.5421908365355598,0.11971385114722781
1712268669.8174772,-1.3467815187242296,0.5470952060487535,0.131974791487058
1712268669.8184962,-1.316310167312622,0.5425411462783813,0.13582823177178702
1712268669.8195155,-1.231551170349121,0.5302802059385512,0.15859855545891655
1712268669.8205345,-1.1005598968929715,0.4696761237250434,0.1659551097287072
1712268669.8215537,-0.9254378742641872,0.3992633024851481,0.14493635959095424
1712268669.8225727,-0.7051343388027614,0.3137870298491584,0.11621072888374329
1712268669.8235917,-0.4498064186837938,0.1778657403257158,0.06436446474658118
1712268669.824611,-0.16891067226727804,0.03774070905314551,0.0020088237296375963
1712268669.82563,0.1253188567029105,-0.07889794806639354,-0.04877696020735635
1712268669.8266492,0.4171292318238152,-0.19693020317289564,-0.09991259210639529
1712268669.8276682,0.6875705718994141,-0.3244190414746602,-0.17066188984447056
1712268669.8286874,0.9317384163538615,-0.41478200091256034,-0.25016730030377704
1712268669.8297064,1.130365663104587,-0.47782593303256565,-0.2971000141567654
1712268669.8307254,1.272592544555664,-0.5331645078129238,-0.3384288152058919
1712268669.8317447,1.3524638281928167,-0.5286113421122233,-0.3604941897922092
1712268669.8327637,1.3699795140160453,-0.48658205403221977,-0.3552405039469401
1712268669.833783,1.3226873344845242,-0.4571615325080024,-0.35068733824623954
1712268669.834802,1.2137401103973389,-0.40567566951115924,-0.3387790587213304
1712268669.8358212,1.0480422443813748,-0.32231758038202923,-0.30410488446553546
1712268669.8368402,0.8287465572357178,-0.2179448472128974,-0.23475655251079136
1712268669.8378594,0.5600567658742269,-0.12162772317727406,-0.17486482858657837
1712268669.8388784,0.2633420129617055,0.0013081985525786877,-0.11112040115727319
1712268669.8398974,-0.050528177784548864,0.10885416633552975,-0.04877696020735635
1712268669.8409166,-0.36399662494659424,0.17821605006853738,-0.00044327766065382294
1712268669.8419356,-0.6592523389392428,0.2640426324473487,0.047899774379200406
1712268669.8429549,-0.9138798051410251,0.3474170300695631,0.10359947052266863
1712268669.8439739,-1.1215745078192816,0.4017155037985908,0.14248417483435735
1712268669.844993,-1.2679764959547255,0.42658769422107273,0.14633761511908636
1712268669.846012,-1.3436292277442083,0.4588164554701911,0.14213386509153578
1712268669.8470314,-1.3576389683617485,0.4612686236699422,0.14493635959095424
1712268669.8480504,-1.314909193250868,0.4448039333025614,0.12917229698763952
1712268669.8490694,-1.217541429731581,0.4469058248731825,0.12006416916847229
1712268669.8500886,-1.066936453183492,0.4195814331372579,0.10465041630797915
1712268669.8511076,-0.8676475948757595,0.3512704703542921,0.0629632133576605
1712268669.8521268,-0.6294816070132785,0.266144507461124,0.012518201644221941
1712268669.8531458,-0.35033709473080105,0.18837511539459229,-0.02320914218823115
1712268669.854165,-0.051578912470075816,0.07907758984300825,-0.04492427325910992
1712268669.855184,0.25283263789282906,-0.04387354271279441,-0.09325795703464083
1712268669.856203,0.5516492658191257,-0.14754578471183777,-0.13423651456832886
1712268669.8572223,0.8276955948935615,-0.2823897533946567,-0.17976823780271742
1712268669.8582413,1.0617044236924913,-0.4102288352118598,-0.23160436087184483
1712268669.8592606,1.2347588274214003,-0.48623181051678127,-0.25857316123114693
1712268669.8602796,1.345107290479872,-0.5373674299981859,-0.27363364895184833
1712268669.8612988,1.3860938284132216,-0.5681888924704658,-0.2928970588578118
1712268669.8623178,1.3633235295613606,-0.5720416042539809,-0.3240687979592217
1712268669.863337,1.2813504536946614,-0.5181040035353767,-0.3293224506907993
1712268669.864356,1.1359706189897325,-0.46031372414694893,-0.3195156322585212
1712268669.865375,0.933840341038174,-0.3597937027613322,-0.30095269282658893
1712268669.8663943,0.6837171316146851,-0.21339166495535108,-0.2519185178809696
1712268669.8674133,0.40136516094207764,-0.07994867861270905,-0.2014833688735962
1712268669.8684325,0.09273978571097057,0.04124383545584149,-0.15560140212376913
1712268669.8694515,-0.2144423955016666,0.17506324582629734,-0.10376527905464172
1712268669.8704708,-0.5075966980722215,0.30748138825098675,-0.020056944340467453
1712268669.8714898,-0.7730817132525973,0.39330797062979805,0.054906023045380906
1712268669.8725088,-0.9954866435792711,0.4689755042394002,0.11235728859901428
1712268669.873528,-1.1601013607449002,0.5197708143128289,0.1642035444577535
1712268669.874547,-1.2637735737694633,0.5082105265723335,0.1915279361936781
1712268669.8755662,-1.313158008787367,0.48789239592022365,0.20028574599160087
1712268669.8765852,-1.30580292807685,0.4735295640097724,0.21289699607425266
1712268669.8776045,-1.2490634123484294,0.4370970527331034,0.20869324604670206
1712268669.8786235,-1.1453910668690999,0.3705376717779371,0.1715601152843899
1712268669.8796427,-0.986030101776123,0.30748138825098675,0.10745291080739763
1712268669.8806617,-0.7786856094996134,0.24092200729582045,0.05875946333010991
1712268669.8816807,-0.5338649948438009,0.14283448457717896,-0.004295962345268991
1712268669.8827,-0.25822291771570843,0.07557446757952373,-0.06138574331998825
1712268669.883719,0.04124383545584149,0.002359136318167051,-0.10726771420902675
1712268669.8847382,0.348818302154541,-0.10516625311639574,-0.166809211174647
1712268669.8857572,0.6444821092817519,-0.21164044737815857,-0.22565020455254448
1712268669.8867764,0.9114203188154433,-0.2960492836104499,-0.266979005601671
1712268669.8877954,1.1321172449323866,-0.3625956508848402,-0.2753848665290409
1712268669.8888147,1.2894075446658664,-0.43159372276730007,-0.2897448672188653
1712268669.8898337,1.3832913504706488,-0.4575117760234409,-0.2978005011876424
1712268669.8908527,1.409915155834622,-0.4771254460016886,-0.29464827643500435
1712268669.891872,1.368928485446506,-0.503393742773268,-0.2935975458886888
1712268669.892891,1.256828573015001,-0.4764249589708116,-0.2785370747248332
1712268669.8939102,1.0827231407165527,-0.41373127036624485,-0.24071070883009169
1712268669.8949292,0.8515168560875787,-0.34018003278308445,-0.20498580402798122
1712268669.8959484,0.5702158477571275,-0.25016730030377704,-0.1906258033381568
1712268669.8969674,0.2650935782326592,-0.12302869723902808,-0.1643575065665775
1712268669.8979864,-0.0557818387945493,0.0006075733755197789,-0.12267845372358957
1712268669.8990057,-0.37345319986343384,0.12707042197386423,-0.08380136556095547
1712268669.9000247,-0.666607485877143,0.2780551380581326,-0.02776231409774886
1712268669.901044,-0.9152807792027791,0.3978620635138618,0.02793195553951793
1712268669.902063,-1.1100165049235027,0.47037674321068657,0.06541540225346883
1712268669.9030821,-1.2427589628431532,0.5187198850843642,0.09519197046756744
1712268669.9041011,-1.3100058502621121,0.5660120646158854,0.1361785415146086
1712268669.9051204,-1.3219141960144043,0.5663624074723985,0.18066825138198003
1712268669.9061394,-1.2812858157687717,0.5400889449649386,0.18837511539459229
1712268669.9071584,-1.1895218160417345,0.5099620752864413,0.19433043069309658
1712268669.9081776,-1.0462720526589286,0.4234348734219869,0.17296137081252203
1712268669.9091966,-0.8637948830922444,0.31658954090542263,0.13057354423734877
1712268669.9102159,-0.6420903735690646,0.21850200162993536,0.09238946768972608
1712268669.9112349,-0.3874629735946655,0.11060572332806057,0.04930102162890964
1712268669.912254,-0.11252137521902719,-0.01725499311255084,-0.014102796299590005
1712268669.913273,0.17926699585384792,-0.1391399237844679,-0.10376527905464172
1712268669.914292,0.47423018349541557,-0.23650777008798388,-0.17206286390622458
1712268669.9153113,0.7495758930842081,-0.3457839290301005,-0.23475655251079136
1712268669.9163303,0.9881387816535102,-0.41618297497431433,-0.2890443801879883
1712268669.9173496,1.1769572893778484,-0.4354464014371236,-0.31881514522764415
1712268669.9183686,1.3076237837473552,-0.46031372414694893,-0.34228149387571544
1712268669.9193878,1.3752341270446777,-0.47782593303256565,-0.36504735549290973
1712268669.9204068,1.3804888725280762,-0.4578620195388794,-0.3667985730701023
1712268669.921426,1.3212860955132377,-0.40672640005747474,-0.32792147662904525
1712268669.922445,1.1906194686889648,-0.3618951638539632,-0.2834404839409722
1712268669.923464,1.0035525427924261,-0.28729316261079574,-0.24351265695359972
1712268669.9244833,0.7639386918809679,-0.19412823849254185,-0.1902755598227183
1712268669.9255023,0.485440194606781,-0.12863260176446703,-0.14439359307289124
1712268669.9265215,0.17261106106970045,-0.040721346934636436,-0.09711063570446438
1712268669.9275405,-0.1489467587735918,0.07417322032981448,-0.034066707723670535
1712268669.9285598,-0.4673186275694105,0.17821605006853738,0.020225079109271366
1712268669.9295788,-0.7608231570985582,0.25598545869191486,0.05105258689986335
1712268669.930598,-1.0024915801154242,0.34076111184226143,0.0629632133576605
1712268669.931617,-1.1825169457329643,0.41187455256779987,0.09309009545379214
1712268669.932636,-1.29879805776808,0.4507592651579115,0.10850384831428528
1712268669.9336553,-1.3544868098364935,0.5029558142026266,0.1239176011747784
1712268669.9346743,-1.3439795706007216,0.5372864670223659,0.14353510406282213
1712268669.9356935,-1.2774331039852567,0.5180192655987209,0.1400319900777605
1712268669.9367125,-1.1615023348066542,0.47528114583757186,0.11866291364034016
1712268669.9377317,-0.9916339980231391,0.4272883137067159,0.0979944732454088
1712268669.9387507,-0.7779851224687364,0.36213017172283596,0.09379072321785821
1712268669.9397697,-0.5310630467202928,0.2538835671212938,0.06016071471903059
1712268669.940789,-0.25086778733465404,0.15684699018796286,0.01812320202589035
1712268669.941808,0.04579789936542511,0.025129454831282295,-0.02846280319823159
1712268669.9428272,0.35056985086864895,-0.13598773214552137,-0.09395844406551784
1712268669.9438462,0.6364249520831637,-0.26137510935465497,-0.1503477328353458
1712268669.9448655,0.8911021550496419,-0.36469711197747123,-0.1906258033381568
1712268669.9458845,1.095684700542026,-0.4571615325080024,-0.23335557844903734
1712268669.9469037,1.245268185933431,-0.5331645078129238,-0.2921965718269348
1712268669.9479227,1.3405532307094998,-0.5534786648220485,-0.33247464232974583
1712268669.9489417,1.3720813062455919,-0.5625849962234497,-0.3471849030918545
1712268669.949961,1.3356488280826144,-0.5384181605445014,-0.3569917215241326
1712268669.95098,1.2372109625074599,-0.45541031493080986,-0.3391293022367689
1712268669.9519992,1.08027093940311,-0.3601439462767707,-0.30865805016623604
1712268669.9530182,0.8711343341403537,-0.2739838924672868,-0.2820395098792182
1712268669.9540374,0.6185589896308051,-0.16400726305113897,-0.24386290046903822
1712268669.9550564,0.33480577998691136,-0.026011094450950623,-0.17696628967920938
1712268669.9560757,0.02793195553951793,0.0916888482040829,-0.09465893109639485
1712268669.9570947,-0.28519170151816475,0.20308825704786512,-0.034767194754547544
1712268669.9581137,-0.5793966849644979,0.31413733959198,0.030734456247753568
1712268669.959133,-0.8375265863206651,0.3754420412911309,0.08258072038491567
1712268669.960152,-1.0504749748441908,0.4104733135965135,0.11761197613345252
1712268669.9611712,-1.2077346112993028,0.4525108138720194,0.157547609673606
1712268669.9621902,-1.301249795489841,0.47423018349541557,0.1911776264508565
1712268669.9632094,-1.3425785965389676,0.46056800418429905,0.1960819959640503
1712268669.9642284,-1.3240155908796523,0.43219268321990967,0.1638532347149319
1712268669.9652474,-1.2462614642249212,0.4143267538812425,0.14248417483435735
1712268669.9662666,-1.1166711648305256,0.35652514961030746,0.11445916361278957
1712268669.9672856,-0.9390974044799805,0.31133482853571576,0.07277196480168237
1712268669.9683049,-0.7163421312967936,0.2752526435587141,0.03984258406692081
1712268669.9693239,-0.4522581232918633,0.1915279361936781,-0.006397426542308595
1712268669.970343,-0.1622560289171007,0.08573353290557861,-0.07014184362358517
1712268669.971362,0.14878979987568325,-0.015153527880708376,-0.13108431465095943
1712268669.9723814,0.4602176944414774,-0.10866869654920366,-0.15770286321640015
1712268669.9734004,0.7439708709716797,-0.22284825642903644,-0.18922482927640277
1712268669.9744194,0.9940940803951687,-0.3153126769595676,-0.22565020455254448
1712268669.9754386,1.1909698115454779,-0.3888639476564195,-0.2522687613964081
1712268669.9764576,1.3279419475131564,-0.47992739412519664,-0.2788873182402717
1712268669.9774768,1.3966031869252522,-0.5342152383592393,-0.29990196228027344
1712268669.9784958,1.3969535297817655,-0.5394688910908169,-0.2921965718269348
1712268669.979515,1.3268910513983831,-0.5237078997823927,-0.2792375617557102
1712268669.980534,1.1902691258324516,-0.49148546324835884,-0.27713608410623336
1712268669.981553,0.9965462817086114,-0.41478200091256034,-0.27818683120939464
1712268669.9825723,0.7586840126249526,-0.3114599982897441,-0.24806583921114603
1712268669.9835913,0.47983520560794407,-0.20253409941991168,-0.21619362963570488
1712268669.9846106,0.17261106106970045,-0.04877696020735635,-0.17241310742166308
1712268669.9856296,-0.14404334955745274,0.11270759834183587,-0.11006967061095767
1712268669.9866488,-0.44700447056028575,0.23811951279640198,-0.05823354754183027
1712268669.9876678,-0.7264992263582017,0.3442642092704773,-0.014102796299590005
1712268669.988687,-0.9534573554992676,0.4476064443588257,0.04159414519866308
1712268669.989706,-1.1268281936645508,0.5183695753415426,0.11761197613345252
1712268669.990725,-1.2462614642249212,0.5449933475918239,0.16035012072987026
1712268669.9917443,-1.306153138478597,0.5688146087858412,0.19468074043591815
1712268669.9927633,-1.307904322942098,0.5393883254792955,0.21254668633143106
1712268669.9937825,-1.2546673085954454,0.470026433467865,0.20028574599160087
1712268669.9948015,-1.1579999658796523,0.41397644413842094,0.18277012639575535
1712268669.9958208,-1.0108974244859483,0.3470667203267415,0.16560479998588562
1712268669.9968398,-0.823867056104872,0.25668607817755806,0.1253188567029105
1712268669.997859,-0.5983099010255601,0.15299354990323386,0.047199146615134344
1712268669.998878,-0.3314239117834303,0.06436446474658118,-0.026361337966389127
1712268669.999897,-0.03967061224910948,-0.04212232099639045,-0.0887047830555174
1712268670.0009162,0.2598388824197981,-0.14929700228903028,-0.15770286321640015
1712268670.0019352,0.5519995755619472,-0.21374190847078958,-0.20708728167745802
1712268670.0029545,0.8231415351231892,-0.28729316261079574,-0.24806583921114603
1712268670.0039735,1.0550484392378066,-0.3699507647090488,-0.29920147524939644
1712268670.0049927,1.234058141708374,-0.4263400700357225,-0.33702780803044635
1712268670.0060117,1.3552663061353896,-0.44210102823045516,-0.33667756451500785
1712268670.0070307,1.4036095142364502,-0.4596132371160719,-0.31636344061957467
1712268670.00805,1.3829410076141357,-0.4526083668073018,-0.31040926774342853
1712268670.009069,1.295713186264038,-0.4091781046655443,-0.28519170151816475
1712268670.0100882,1.1499831411573622,-0.38185907734764946,-0.25822291771570843
1712268670.0111072,0.945400595664978,-0.3335253728760613,-0.23230484790272182
1712268670.0121264,0.6826661692725288,-0.2424619264072842,-0.18432142006026372
1712268670.0131454,0.381397373146481,-0.13458675808376735,-0.127231627702713
1712268670.0141647,0.05245383828878403,-0.03196524249182807,-0.08485209610727099
1712268670.0151837,-0.27608535355991787,0.07942790786425273,-0.06453794323735766
1712268670.0162027,-0.5825489097171359,0.20554044180446202,-0.02425987480415238
1712268670.017222,-0.8518866035673354,0.29977450768152875,0.016371639859345224
1712268670.018241,-1.067636940214369,0.3996136122279697,0.05385508553849326
1712268670.0192602,-1.225246720843845,0.497000515460968,0.10289885103702545
1712268670.0202792,-1.3138585620456271,0.5358851949373881,0.1316244817442364
1712268670.0212984,-1.3443297810024686,0.5477958255343967,0.14073260956340367
1712268670.0223174,-1.315259536107381,0.5446430378490024,0.14633761511908636
1712268670.0233364,-1.2269980377621121,0.5323820975091722,0.1659551097287072
1712268670.0243556,-1.0974076721403334,0.47423018349541557,0.16665574577119616
1712268670.0253747,-0.9198339780171711,0.40907204151153564,0.14248417483435735
1712268670.026394,-0.7023323906792535,0.325697660446167,0.11130635109212664
1712268670.027413,-0.4484054446220398,0.18277012639575535,0.05875946333010991
1712268670.0284321,-0.17101213335990906,0.04965133551094267,-0.003245230246749189
1712268670.0294511,0.12181572616100311,-0.07049208713902368,-0.051578912470075816
1712268670.0304704,0.41292548179626465,-0.19482874208026463,-0.10551649663183424
1712268670.0314894,0.6854687134424845,-0.3233683109283447,-0.1780170202255249
1712268670.0325084,0.9303371773825752,-0.41373127036624485,-0.25366973545816207
1712268670.0335276,1.1314165592193604,-0.48027763764063514,-0.29920147524939644
1712268670.0345466,1.2743441263834636,-0.5338649948438009,-0.3391293022367689
1712268670.0355659,1.35281417104933,-0.5251088738441467,-0.35874297221501666
1712268670.0365849,1.3703298568725586,-0.48763278457853526,-0.3559409909778171
1712268670.037604,1.3240885734558105,-0.45541031493080986,-0.3538395298851861
1712268670.038623,1.2130394246843126,-0.4028737213876512,-0.344032711452908
1712268670.0396423,1.0480422443813748,-0.3114599982897441,-0.30935853719711304
1712268670.0406613,0.8297974533504909,-0.21023947331640455,-0.23825900422202215
1712268670.0416803,0.5597064892450968,-0.1142726010746426,-0.17906775077184042
1712268670.0426996,0.25808733370569015,0.00831445058186849,-0.1139223575592041
1712268670.0437186,-0.05823354754183027,0.10920447607835133,-0.054030621217356786
1712268670.0447378,-0.36749906010097927,0.1799676153394911,-0.008148647223909697
1712268670.0457568,-0.6627547740936279,0.2682463990317451,0.04474695771932602
1712268670.046776,-0.9138798051410251,0.34951892164018417,0.10009634825918409
1712268670.047795,-1.1191227700975206,0.40416767199834186,0.1379301067855623
1712268670.048814,-1.2658751010894775,0.42868955267800224,0.14038229982058206
1712268670.0498333,-1.3415278328789604,0.4651220639546712,0.14213386509153578
1712268670.0508523,-1.3558877838982475,0.4651220639546712,0.14598730537626478
1712268670.0518715,-1.3124575879838731,0.4525108138720194,0.1340766665008333
1712268670.0528905,-1.2115871906280518,0.45951707495583427,0.12812135948075187
1712268670.0539098,-1.060281793276469,0.4307914442486233,0.11305791636308034
1712268670.0549288,-0.8641451597213745,0.35652514961030746,0.07067008978790706
1712268670.055948,-0.6235275003645155,0.2756029533015357,0.022326954123046663
1712268670.056967,-0.347535146607293,0.19292919172181022,-0.00849889125674963
1712268670.057986,-0.047375982006390885,0.07907758984300825,-0.03686865998639001
1712268670.0590053,0.25633576843473643,-0.04562476028998693,-0.08835453954007891
1712268670.0600243,0.5562033255894979,-0.1503477328353458,-0.13283553222815195
1712268670.0610435,0.8322496546639336,-0.28554194503360325,-0.18116921186447144
1712268670.0620625,1.0620547003216214,-0.40952834818098277,-0.23440630899535284
1712268670.0630817,1.2358097235361736,-0.4848308033413357,-0.26382681396272445
1712268670.0641007,1.3479097684224446,-0.5310630467202928,-0.2823897533946567
1712268670.0651197,1.3853932751549614,-0.5653869443469577,-0.30375464095009697
1712268670.066139,1.360521051618788,-0.5629352728525797,-0.3338756163914998
1712268670.067158,1.2774969471825492,-0.5167030294736227,-0.3338756163914998
1712268670.0681772,1.1317669020758734,-0.4599634806315104,-0.3219673368665907
1712268670.0691962,0.9303371773825752,-0.35839272869957817,-0.2971000141567654
1712268670.0702155,0.6809145874447292,-0.2147926390171051,-0.24666484859254625
1712268670.0712345,0.3996136122279697,-0.08940527008639441,-0.19763069020377264
1712268670.0722537,0.0920391579469045,0.03528852015733719,-0.1510482198662228
1712268670.0732727,-0.2172443601820204,0.16630543602837455,-0.09676039218902588
1712268670.0742917,-0.5072464545567831,0.29697202973895603,-0.013402308233910136
1712268670.075311,-0.7748328977160983,0.381397373146481,0.056307274434301585
1712268670.07633,-0.9951364331775241,0.4633705152405633,0.10815353857146369
1712268670.0773492,-1.1622028880649142,0.5148664447996352,0.15684699018796286
1712268670.0783682,-1.2679764959547255,0.5036564668019613,0.18066825138198003
1712268670.0793874,-1.317360930972629,0.49104518360561794,0.1911776264508565
1712268670.0804064,-1.309305297003852,0.4780836237801446,0.201687001519733
1712268670.0814257,-1.2501140435536702,0.4377976722187466,0.19853418072064716
1712268670.0824447,-1.1446906460656059,0.3726395302348667,0.16105074021551344
1712268670.0834637,-0.987781286239624,0.31238579087787205,0.10324916077984704
1712268670.084483,-0.7818377680248684,0.23882013228204516,0.05805883970525529
1712268670.085502,-0.5366669429673089,0.14213386509153578,-0.0011437657910088699
1712268670.0865211,-0.25787265764342415,0.07277196480168237,-0.054030621217356786
1712268670.0875401,0.04544758548339208,-0.003245230246749189,-0.09991259210639529
1712268670.0885594,0.3523213995827569,-0.11147064467271169,-0.16050481133990818
1712268670.0895784,0.6479852067099677,-0.21829509072833592,-0.22179752588272095
1712268670.0905974,0.9149234162436591,-0.2921965718269348,-0.26207559638553196
1712268670.0916166,1.1345693800184462,-0.3608444333076477,-0.2697809702820248
1712268670.0926356,1.291159126493666,-0.42458885245853,-0.28729316261079574
1712268670.0936549,1.3853932751549614,-0.4505069057146708,-0.29464827643500435
1712268670.0946739,1.4095648129781086,-0.4746737413936191,-0.2971000141567654
1712268670.095693,1.3703298568725586,-0.4981400900416904,-0.29955171876483494
1712268670.096712,1.256478230158488,-0.46906984514660305,-0.28098877933290267
1712268670.0977314,1.0844747225443523,-0.4070766435729133,-0.24596436156166923
1712268670.0987504,0.8508162366019355,-0.3345761034223768,-0.21234093440903556
1712268670.0997694,0.5730183256997002,-0.24946681327290005,-0.2011331253581577
1712268670.1007886,0.26684514350361294,-0.11637406216727363,-0.17136237687534756
1712268670.1018076,-0.0550813517636723,0.0013081985525786877,-0.12688138418727452
1712268670.1028268,-0.3720522258016798,0.1298729164732827,-0.08520233962270948
1712268670.1038458,-0.664856301413642,0.2857620186275906,-0.024610118319590885
1712268670.104865,-0.9121285544501411,0.40241612328423393,0.03143508194221391
1712268670.105884,-1.1068642801708646,0.4731792542669508,0.06646633976035647
1712268670.106903,-1.2406575679779053,0.5281783474816216,0.09869510100947486
1712268670.1079223,-1.307203902138604,0.5709164672427707,0.14738854434755114
1712268670.1089413,-1.31981266869439,0.5702158477571275,0.1897763709227244
1712268670.1099606,-1.2781336572435167,0.5418405267927382,0.1995851265059577
1712268670.1109796,-1.1842682626512315,0.5089111460579766,0.20028574599160087
1712268670.1119988,-1.0448710785971747,0.4202820526229011,0.1778657403257158
1712268670.1130178,-0.8630943960613674,0.31168513827853733,0.13092385398017034
1712268670.114037,-0.6420903735690646,0.21885231137275696,0.09098822044001685
1712268670.115056,-0.385711756017473,0.11551010111967722,0.0461482091082467
1712268670.116075,-0.10831845303376515,-0.012701820168230269,-0.02145792254143291
1712268670.1170943,0.18066825138198003,-0.13213504519727495,-0.11357211404376559
1712268670.1181133,0.4735295640097724,-0.23160436087184483,-0.18081896834903294
1712268670.1191325,0.7481746541129218,-0.34053027629852295,-0.24106095234553018
1712268670.1201515,0.9856865803400675,-0.40392445193396675,-0.2914960847960578
1712268670.1211708,1.1734541257222493,-0.42774104409747654,-0.31636344061957467
1712268670.1221898,1.3079741266038682,-0.4575117760234409,-0.33702780803044635
1712268670.123209,1.3769857088724773,-0.47957715060975814,-0.35489026043150157
1712268670.124228,1.3815397686428494,-0.46346591578589547,-0.35839272869957817
1712268670.125247,1.3198847240871854,-0.4123302963044908,-0.31881514522764415
1712268670.1262662,1.1913200219472249,-0.3713517387708028,-0.27608535355991787
1712268670.1272852,1.0046034389071994,-0.29079559776518077,-0.23790876070658365
1712268670.1283045,0.7663908931944106,-0.2014833688735962,-0.18852434224552578
1712268670.1293235,0.4885930154058668,-0.1384394367535909,-0.14929700228903028
1712268670.1303427,0.1740123000409868,-0.04142183396551344,-0.10516625311639574
1712268670.1313617,-0.15560140212376913,0.07277196480168237,-0.043523299197355904
1712268670.1323807,-0.4732727673318651,0.17926699585384792,0.009365388088756137
1712268670.1334,-0.7646758026546902,0.26053951846228707,0.038791646560033165
1712268670.134419,-1.0056437386406791,0.3484679592980279,0.054906023045380906
1712268670.1354382,-1.1860194471147325,0.4153776831097073,0.0860838426484002
1712268670.1364572,-1.30510237481859,0.4507592651579115,0.10324916077984704
1712268670.1374764,-1.3569385475582547,0.5036564668019613,0.12672010395261976
1712268670.1384954,-1.3471317291259766,0.5320317546526591,0.14843949013286167
1712268670.1395147,-1.2791844209035237,0.5078602168295119,0.1438854303624895
1712268670.1405337,-1.1601013607449002,0.4658226834403144,0.12181572616100311
1712268670.1415527,-0.991283721394009,0.42658769422107273,0.10465041630797915
1712268670.142572,-0.7793860965304904,0.35652514961030746,0.10009634825918409
1712268670.143591,-0.5314132902357314,0.2556351323922475,0.06366384112172656
1712268670.1446102,-0.24981705678833854,0.15824824571609497,0.021976642310619354
1712268670.1456292,0.04930102162890964,0.025129454831282295,-0.029863779329591326
1712268670.1466484,0.3484679592980279,-0.13423651456832886,-0.09676039218902588
1712268670.1476674,0.6322211689419216,-0.2592736482620239,-0.1531496975156996
1712268670.1486866,0.887599057621426,-0.3615449203385247,-0.19377799497710332
1712268670.1497056,1.0921816031138103,-0.4533088538381788,-0.23580728305710685
1712268670.1507246,1.2456185287899442,-0.5289615856276618,-0.29464827643500435
1712268670.151744,1.3398525449964735,-0.549625986152225,-0.3338756163914998
1712268670.152763,1.3713807529873319,-0.5618845091925727,-0.35068733824623954
1712268670.1537821,1.3356488280826144,-0.5338649948438009,-0.3601439462767707
1712268670.1548011,1.2379116482204862,-0.44630398352940875,-0.3384288152058919
1712268670.1558204,1.083774103058709,-0.3559409909778171,-0.307257076104482
1712268670.1568394,0.8795418341954548,-0.266278518570794,-0.28098877933290267
1712268670.1578584,0.6269664896859063,-0.1545506715774536,-0.24141119586096868
1712268670.1588776,0.341111421585083,-0.019006213794151943,-0.17031164632903203
1712268670.1598966,0.02933320485883289,0.09869510100947486,-0.08905502657095592
1712268670.1609159,-0.2820395098792182,0.21079512106047735,-0.025660850935512118
1712268670.1619349,-0.5751937627792358,0.3239460786183675,0.04019289794895384
1712268670.162954,-0.832623177104526,0.37894517183303833,0.09098822044001685
1712268670.163973,-1.0452213552263048,0.4125751720534431,0.12461822893884447
1712268670.1649923,-1.2038818995157878,0.45601394441392684,0.16280230548646715
1712268670.1660113,-1.303351190355089,0.4749308029810587,0.19082731670803493
1712268670.1670303,-1.3429288069407146,0.4588164554701911,0.1918782459364997
1712268670.1680496,-1.3233151700761583,0.4356958137618171,0.15929917494455972
1712268670.1690686,-1.2434595161014133,0.41677892208099365,0.1379301067855623
1712268670.1700878,-1.1152701907687717,0.3656333022647434,0.10289885103702545
1712268670.1711068,-0.9383968512217203,0.3235957688755459,0.0629632133576605
1712268670.172126,-0.7163421312967936,0.2836601601706611,0.035989143782191806
1712268670.173145,-0.4522581232918633,0.19888449046346876,-0.012701820168230269
1712268670.174164,-0.16015456782446966,0.0920391579469045,-0.07119258244832356
1712268670.1751833,0.15089167488945854,-0.009899867905510796,-0.12372919254832797
1712268670.1762023,0.45951707495583427,-0.10586674014727274,-0.14929700228903028
1712268670.1772215,0.745372109942966,-0.2263506915834215,-0.18432142006026372
1712268670.1782405,0.9947946998808119,-0.31356145938237506,-0.22109703885184392
1712268670.1792598,1.1927212609185112,-0.3958688179651896,-0.24701509210798475
1712268670.1802788,1.333547035853068,-0.49183570676379734,-0.2802882923020257
1712268670.181298,1.4004566934373643,-0.5373674299981859,-0.30060244931115043
1712268670.182317,1.3966031869252522,-0.5394688910908169,-0.2963995271258884
1712268670.183336,1.32584015528361,-0.5177537600199381,-0.2879936496416728
1712268670.1843553,1.1895684401194255,-0.4848308033413357,-0.2914960847960578
1712268670.1853743,1.0028518570793998,-0.40042198366589016,-0.29044535424974227
1712268670.1863935,0.7611362139383951,-0.30060244931115043,-0.25752241412798565
1712268670.1874125,0.47983520560794407,-0.19517898559570312,-0.22565020455254448
1712268670.1884317,0.17085949579874674,-0.03511743826998605,-0.17556531561745536
1712268670.1894507,-0.14579456713464525,0.12286666366789076,-0.11041991412639618
1712268670.19047,-0.4505069057146708,0.23952075176768833,-0.057182816995514765
1712268670.191489,-0.7236972782346938,0.34461451901329887,-0.010600355971190665
1712268670.192508,-0.9513558944066365,0.4476064443588257,0.04965133551094267
1712268670.1935272,-1.1268281936645508,0.5138155155711703,0.12251635392506917
1712268670.1945462,-1.2494136227501762,0.5400889449649386,0.16455387075742087
1712268670.1955655,-1.307203902138604,0.5597064892450968,0.19818387097782558
1712268670.1965845,-1.307904322942098,0.5383373962508308,0.2114957571029663
1712268670.1976037,-1.2553677293989394,0.4693258139822218,0.19853418072064716
1712268670.1986227,-1.157649623023139,0.4181801941659715,0.1813688708676232
1712268670.1996417,-1.0133490959803264,0.3558245301246643,0.16175135970115662
1712268670.200661,-0.8298212289810181,0.266144507461124,0.11831260389751858
1712268670.20168,-0.6035635868708292,0.15684699018796286,0.041944459080696106
1712268670.2026992,-0.3384288152058919,0.06856821477413177,-0.028112559682793088
1712268670.2037182,-0.04492427325910992,-0.043523299197355904,-0.09045600063270992
1712268670.2047374,0.2545842031637828,-0.14719554119639927,-0.15735261970096165
1712268670.2057564,0.5477958255343967,-0.21234093440903556,-0.20463556051254272
1712268670.2067757,0.8213899532953898,-0.2900951107343038,-0.25016730030377704
1712268670.2077947,1.0532969236373901,-0.3692502776781718,-0.2978005011876424
1712268670.2088137,1.2330072455936008,-0.42739080058203804,-0.33212439881430733
1712268670.209833,1.3542154100206163,-0.44560349649853176,-0.3331751293606228
1712268670.210852,1.4015075895521376,-0.46031372414694893,-0.3160131639904446
1712268670.2118711,1.3818901114993625,-0.45120739274554783,-0.3062063455581665
1712268670.2128901,1.295713186264038,-0.4077771306037903,-0.27818683120939464
1712268670.2139094,1.148581902186076,-0.38220932086308795,-0.2522687613964081
1712268670.2149284,0.9429484605789185,-0.33702780803044635,-0.22600044806798297
1712268670.2159474,0.6823158926433986,-0.2417614393764072,-0.17696628967920938
1712268670.2169666,0.3803464108043247,-0.1373887062072754,-0.12372919254832797
1712268670.2179856,0.05350477579567167,-0.03371646420823203,-0.08625307016902499
1712268670.2190049,-0.27188243137465584,0.08082915511396196,-0.06733989550007714
1712268670.2200239,-0.5779957109027438,0.2072920070754157,-0.026361337966389127
1712268670.221043,-0.8490846554438273,0.2983732687102424,0.009365388088756137
1712268670.222062,-1.067286729812622,0.4017155037985908,0.04544758548339208
1712268670.2230814,-1.223145325978597,0.49805144468943274,0.09344041347503662
1712268670.2241004,-1.314909193250868,0.5386877059936523,0.12076478865411547
1712268670.2251194,-1.3450302018059623,0.5477958255343967,0.13337604701519012
1712268670.2261386,-1.3103560606638591,0.5474455157915751,0.14283448457717896
1712268670.2271576,-1.225947274102105,0.5316814449098375,0.16735636525683933
1712268670.2281768,-1.0967071851094563,0.46792457501093543,0.1642035444577535
1712268670.2291958,-0.9229861365424262,0.40066454145643443,0.14458604984813267
1712268670.230215,-0.7047840621736314,0.30818204085032147,0.11480947335561116
1712268670.231234,-0.4491059316529168,0.17120980554156834,0.05981040083699756
1712268670.2322533,-0.16926091578271654,0.040893521573808454,-0.0007935216934937569
1712268670.2332723,0.12461822893884447,-0.07679648697376251,-0.050528177784548864
1712268670.2342913,0.4143267538812425,-0.19728044668833414,-0.10726771420902675
1712268670.2353106,0.6837171316146851,-0.32301806741290623,-0.18537215060657924
1712268670.2363296,0.9285855955547756,-0.4074268870883518,-0.2606746223237779
1712268670.2373488,1.130365663104587,-0.4767752024862501,-0.3055058585272895
1712268670.2383678,1.2732932302686903,-0.5289615856276618,-0.346134172545539
1712268670.239387,1.353164513905843,-0.5142513248655531,-0.36364638143115574
1712268670.240406,1.3696291711595323,-0.47852642006344265,-0.3573419650395711
1712268670.241425,1.3212860955132377,-0.4519078797764248,-0.3538395298851861
1712268670.2424443,1.2144406636555989,-0.3979702790578206,-0.3391293022367689
1712268670.2434633,1.0515453418095906,-0.3114599982897441,-0.2960492836104499
1712268670.2444825,0.8318993780348036,-0.2144423955016666,-0.22565020455254448
1712268670.2455015,0.5635599295298258,-0.12197796669271257,-0.17136237687534756
1712268670.2465208,0.2657941977183024,0.0020088237296375963,-0.11006967061095767
1712268670.2475398,-0.05017793426911036,0.10219822327295938,-0.04877696020735635
1712268670.248559,-0.3601439462767707,0.17436260978380838,-0.002544741922368606
1712268670.249578,-0.6546992063522339,0.26859670877456665,0.04825008412202199
1712268670.250597,-0.9114280674192641,0.3530220521820916,0.10324916077984704
1712268670.2516162,-1.1198233233557806,0.4034670525126987,0.13652885953585306
1712268670.2526352,-1.2644741270277235,0.4328933027055528,0.13442698452207777
1712268670.2536545,-1.3408272796207004,0.4710773958100213,0.13582823177178702
1712268670.2546735,-1.3548370202382405,0.4693258139822218,0.14143322904904684
1712268670.2556927,-1.31210724512736,0.4591667652130127,0.12882197896639505
1712268670.2567117,-1.214389271206326,0.46477175421184963,0.12566916644573212
1712268670.2577307,-1.06273353099823,0.42763862344953746,0.10920447607835133
1712268670.25875,-0.8665968312157525,0.3547736008961995,0.06926884253819783
1712268670.259769,-0.6252786848280165,0.2731507685449388,0.023027579817507002
1712268670.2607882,-0.346134172545539,0.19468074043591815,-0.005346694443788793
1712268670.2618072,-0.04772622552182939,0.07907758984300825,-0.034767194754547544
1712268670.2628264,0.25913826293415493,-0.03861988170279397,-0.08415160907639398
1712268670.2638454,0.5562033255894979,-0.14789602822727627,-0.12863260176446703
1712268670.2648647,0.8294471767213609,-0.2893946237034268,-0.18116921186447144
1712268670.2658837,1.060653461350335,-0.4077771306037903,-0.2302033868100908
1712268670.2669027,1.233707931306627,-0.47747568951712716,-0.2550707095199161
1712268670.267922,1.3433557086520724,-0.5279108550813463,-0.2753848665290409
1712268670.268941,1.379437976413303,-0.5611840221616957,-0.3013029363420274
1712268670.2699602,1.3591198126475017,-0.5580317974090576,-0.3345761034223768
1712268670.2709792,1.2764460510677762,-0.510748889711168,-0.33492634693781537
1712268670.2719984,1.1307160059611003,-0.4589127500851949,-0.3244190414746602
1712268670.2730174,0.9296365578969319,-0.3520883123079936,-0.29990196228027344
1712268670.2740366,0.6826661692725288,-0.21023947331640455,-0.25016730030377704
1712268670.2750556,0.40031423171361286,-0.08450185259183247,-0.20533604754341972
1712268670.2760746,0.09449135098192427,0.03668977154625787,-0.15840335024727714
1712268670.277094,-0.2144423955016666,0.17331168055534363,-0.1002628356218338
1712268670.278113,-0.5075966980722215,0.30047516028086346,-0.013052063683668772
1712268670.2791321,-0.7765841484069824,0.38490047057469684,0.05735821194118924
1712268670.2801511,-0.9972378942701552,0.466172993183136,0.11445916361278957
1712268670.2811704,-1.1601013607449002,0.512414276599884,0.16070043047269186
1712268670.2821894,-1.2651745478312175,0.49875206417507595,0.1838210556242201
1712268670.2832084,-1.316660510169135,0.48649112383524573,0.19468074043591815
1712268670.2842276,-1.3086048762003581,0.4728289445241292,0.20939388208919102
1712268670.2852466,-1.2525657812754314,0.4328933027055528,0.20273793074819776
1712268670.2862659,-1.1481930149926078,0.3652829925219218,0.15614637070231968
1712268670.2872849,-0.989182260301378,0.31168513827853733,0.09659322599569956
1712268670.288304,-0.7839392291174995,0.2398710780673557,0.04965133551094267
1712268670.289323,-0.5373674299981859,0.14668792486190796,-0.013052063683668772
1712268670.2903423,-0.25822291771570843,0.0860838426484002,-0.06453794323735766
1712268670.2913613,0.04299539658758375,0.002709448906696505,-0.10901894006464216
1712268670.2923803,0.348818302154541,-0.10481600960095723,-0.17136237687534756
1712268670.2933996,0.6441317664252387,-0.20953898628552753,-0.2295028997792138
1712268670.2944186,0.9131718344158596,-0.28659267557991874,-0.26207559638553196
1712268670.2954378,1.1324675877888997,-0.35944345924589366,-0.2673292491171095
1712268670.2964568,1.2918598122066922,-0.42949226167466903,-0.28554194503360325
1712268670.297476,1.3864441712697346,-0.45576055844624835,-0.2914960847960578
1712268670.298495,1.4134181870354545,-0.4841303163104587,-0.2925468153423733
1712268670.299514,1.3696291711595323,-0.5093479156494141,-0.29429803291956586
1712268670.3005333,1.2578794691297743,-0.47397325436274207,-0.27748632762167186
1712268670.3015523,1.0851753420299954,-0.4091781046655443,-0.2417614393764072
1712268670.3025715,0.8522174755732218,-0.33562683396869236,-0.21129020386272007
1712268670.3035905,0.5747699075274997,-0.24351265695359972,-0.2039350734816657
1712268670.3046098,0.2682463990317451,-0.11252137521902719,-0.17311359445254007
1712268670.3056288,-0.05368037356270684,0.00866476291169723,-0.13178480168183646
1712268670.306648,-0.3720522258016798,0.14108291930622524,-0.09010575711727142
1712268670.307667,-0.6634552611245049,0.2945198284255134,-0.028112559682793088
1712268670.308686,-0.910727580388387,0.40626956356896293,0.030033830553293228
1712268670.3097053,-1.1075647672017415,0.47528114583757186,0.06821790503131019
1712268670.3107243,-1.2382058302561443,0.5257261461681789,0.1018479135301378
1712268670.3117435,-1.305452717675103,0.5695152282714844,0.15124198463228014
1712268670.3127625,-1.317360930972629,0.56040710873074,0.1911776264508565
1712268670.3137817,-1.2770828935835097,0.5404392878214518,0.1999354362487793
1712268670.3148007,-1.1853188938564725,0.5033061239454482,0.20308825704786512
1712268670.31582,-1.0448710785971747,0.41187455256779987,0.17716512084007263
1712268670.316839,-0.8630943960613674,0.31238579087787205,0.13337604701519012
1712268670.317858,-0.6410396761364406,0.22025356690088907,0.09659322599569956
1712268670.3188772,-0.387813217110104,0.11270759834183587,0.04825008412202199
1712268670.3198962,-0.11252137521902719,-0.014102796299590005,-0.023909629219108157
1712268670.3209155,0.17716512084007263,-0.12968334058920541,-0.11322187052832709
1712268670.3219345,0.47037674321068657,-0.2291526562637753,-0.17906775077184042
1712268670.3229537,0.745372109942966,-0.3391293022367689,-0.24071070883009169
1712268670.3239727,0.9849859608544244,-0.3972697920269436,-0.2914960847960578
1712268670.3249917,1.1745050218370225,-0.42213714785046047,-0.31671368413501316
1712268670.326011,1.3072735733456082,-0.4610142111778259,-0.3436824679374695
1712268670.32703,1.376635366015964,-0.47782593303256565,-0.36329613791571724
1712268670.3280492,1.3818901114993625,-0.4582122630543179,-0.3622454073694017
1712268670.3290682,1.3205854098002117,-0.4119800527890523,-0.3195156322585212
1712268670.3300874,1.1909698115454779,-0.36749906010097927,-0.2802882923020257
1712268670.3311064,1.003202199935913,-0.2886941366725498,-0.23895949125289917
1712268670.3321257,0.764639311366611,-0.2021838559044732,-0.18712336818377176
1712268670.3331447,0.4836886458926731,-0.13598773214552137,-0.14579456713464525
1712268670.3341637,0.17120980554156834,-0.041071590450074934,-0.09711063570446438
1712268670.335183,-0.15209895041253832,0.07627509534358978,-0.03546768592463599
1712268670.336202,-0.47362301084730357,0.1799676153394911,0.017072265553805564
1712268670.3372211,-0.7685285144382052,0.25703638792037964,0.040543207691775426
1712268670.3382401,-1.0070447127024333,0.34671641058391994,0.054906023045380906
1712268670.3392594,-1.1863696575164795,0.41187455256779987,0.08503290514151256
1712268670.3402784,-1.302650769551595,0.4553133249282837,0.09834478298823038
1712268670.3412976,-1.3562379942999945,0.5106626947720846,0.12181572616100311
1712268670.3423166,-1.3460809654659696,0.5344839559661018,0.13828042480680677
1712268670.3433356,-1.2788340780470107,0.5134652058283488,0.1316244817442364
1712268670.3443549,-1.1618525452084012,0.4728289445241292,0.11445916361278957
1712268670.3453739,-0.989182260301378,0.4318423734770881,0.10079697602325015
1712268670.346393,-0.7779851224687364,0.3596779704093933,0.09869510100947486
1712268670.347412,-0.5335147513283623,0.2535332573784722,0.06366384112172656
1712268670.3484313,-0.2547204660044776,0.15684699018796286,0.024779143018854987
1712268670.3494503,0.04474695771932602,0.016371639859345224,-0.026011094450950623
1712268670.3504694,0.3474170300695631,-0.14229213198026022,-0.09185697469446394
1712268670.3514886,0.6350236468844943,-0.26137510935465497,-0.14579456713464525
1712268670.3525076,0.8904015355639987,-0.36329613791571724,-0.18642288115289476
1712268670.3535268,1.0942834615707397,-0.4592629936006334,-0.23370582196447584
1712268670.3545458,1.2466694249047172,-0.5296620726585388,-0.29955171876483494
1712268670.355565,1.3412537839677598,-0.5492757426367866,-0.3387790587213304
1712268670.356584,1.3713807529873319,-0.5569810999764336,-0.35874297221501666
1712268670.3576033,1.3366997241973877,-0.5219566822052002,-0.36714881658554077
1712268670.3586223,1.2379116482204862,-0.4343956708908081,-0.344032711452908
1712268670.3596413,1.0848250654008653,-0.347535146607293,-0.31426194641325206
1712268670.3606606,0.8767393562528822,-0.26347657044728595,-0.28554194503360325
1712268670.3616796,0.6262658702002631,-0.1513984633816613,-0.2424619264072842
1712268670.3626988,0.3383089105288188,-0.016904748562309477,-0.166809211174647
1712268670.3637178,0.030734456247753568,0.09379072321785821,-0.08730380899376339
1712268670.364737,-0.2802882923020257,0.20554044180446202,-0.023909629219108157
1712268670.365756,-0.5730923016866049,0.31133482853571576,0.042294772962729134
1712268670.366775,-0.831922690073649,0.3638817204369439,0.08958697319030762
1712268670.3677943,-1.0459218422571819,0.40101485119925606,0.12321698168913522
1712268670.3688133,-1.2038818995157878,0.4469058248731825,0.16280230548646715
1712268670.3698325,-1.300899452633328,0.46862519449657863,0.19047699040836757
1712268670.3708515,-1.3439795706007216,0.4574151833852132,0.1876744959089491
1712268670.3718708,-1.3236653804779053,0.4398995637893677,0.15614637070231968
1712268670.3728898,-1.2452107005649142,0.4192311233944363,0.13652885953585306
1712268670.373909,-1.1166711648305256,0.36213017172283596,0.10219822327295938
1712268670.374928,-0.9383968512217203,0.325697660446167,0.06401415086454815
1712268670.375947,-0.7145909468332926,0.28401046991348267,0.03668977154625787
1712268670.3769662,-0.45155763626098633,0.19433043069309658,-0.013402308233910136
1712268670.3779852,-0.15700237618552312,0.0878354079193539,-0.07364428705639309
1712268670.3790045,0.1540444791316986,-0.009899867905510796,-0.125130166610082
1712268670.3800235,0.4633705152405633,-0.11006967061095767,-0.14754578471183777
1712268670.3810427,0.7481746541129218,-0.22705119517114428,-0.18362091647254095
1712268670.3820617,0.9968965583377414,-0.3149624334441291,-0.21829509072833592
1712268670.383081,1.1944728427463107,-0.3986707660886976,-0.24631460507710773
1712268670.3841,1.3314451111687553,-0.49183570676379734,-0.27783658769395614
1712268670.385119,1.399055454466078,-0.5359664559364319,-0.29429803291956586
1712268670.3861382,1.3962529765235052,-0.5366669429673089,-0.28659267557991874
1712268670.3871572,1.3247891267140706,-0.5177537600199381,-0.27748632762167186
1712268670.3881764,1.188167201148139,-0.4886835151248508,-0.2830902404255337
1712268670.3891954,1.0000493791368272,-0.40637615654203624,-0.28133902284834117
1712268670.3902147,0.7618368334240383,-0.3069068325890435,-0.2529692484272851
1712268670.3912337,0.48228737380769515,-0.19377799497710332,-0.22284825642903644
1712268670.3922527,0.17296137081252203,-0.03371646420823203,-0.17451458507113987
1712268670.393272,-0.14299261901113722,0.11971385114722781,-0.1139223575592041
1712268670.394291,-0.44665422704484725,0.24127231703864202,-0.06593891729911168
1712268670.3953102,-0.7250982522964478,0.34461451901329887,-0.01830572469366921
1712268670.3963292,-0.9510056840048896,0.4497083028157552,0.04474695771932602
1712268670.3973484,-1.1271784040662978,0.5152167545424567,0.12006416916847229
1712268670.3983674,-1.2469618850284152,0.5428914560212029,0.16035012072987026
1712268670.3993866,-1.304752164416843,0.5625089671876695,0.1957316862212287
1712268670.4004056,-1.305452717675103,0.5295795864529079,0.21044481131765577
1712268670.4014246,-1.2571190463172064,0.46442144446902806,0.20028574599160087
1712268670.402444,-1.1604515711466472,0.41187455256779987,0.18837511539459229
1712268670.403463,-1.0143998596403334,0.34671641058391994,0.1680569847424825
1712268670.4044821,-0.8298212289810181,0.25703638792037964,0.12321698168913522
1712268670.4055011,-0.6018123361799452,0.157547609673606,0.04439664797650443
1712268670.4065204,-0.3342258599069383,0.07031978004508548,-0.025310605350467894
1712268670.4075394,-0.04142183396551344,-0.041071590450074934,-0.09325795703464083
1712268670.4085584,0.25808733370569015,-0.1394901672999064,-0.1619057854016622
1712268670.4095776,0.5534008476469252,-0.2014833688735962,-0.20883849925465053
1712268670.4105966,0.8227911922666762,-0.2806385358174642,-0.2547204660044776
1712268670.4116158,1.0536472002665203,-0.36364638143115574,-0.3062063455581665
1712268670.4126348,1.234408484564887,-0.41443175739712185,-0.3391293022367689
1712268670.413654,1.3552663061353896,-0.43229420979817706,-0.3314239117834303
1712268670.414673,1.402208275265164,-0.45435958438449436,-0.3156629204750061
1712268670.4156923,1.3808392153845892,-0.4477049575911628,-0.30480537149641246
1712268670.4167113,1.2960635291205511,-0.4109293222427368,-0.27818683120939464
1712268670.4177303,1.1510341697269015,-0.39131565226448906,-0.2543702224890391
1712268670.4187496,0.9439993566936916,-0.3384288152058919,-0.22600044806798297
1712268670.4197686,0.6830165121290419,-0.24561411804623073,-0.1759155591328939
1712268670.4207878,0.38244830237494576,-0.13598773214552137,-0.1254804101255205
1712268670.4218068,0.05420539942052629,-0.03546768592463599,-0.09290771351920234
1712268670.422826,-0.27328340543640983,0.0860838426484002,-0.07119258244832356
1712268670.423845,-0.5790464745627509,0.20939388208919102,-0.029513535814152822
1712268670.4248643,-0.8483841684129503,0.30362794796625775,0.004110699260814322
1712268670.4258833,-1.065885755750868,0.41222486231062144,0.04369602021243837
1712268670.4269023,-1.223495536380344,0.5061086350017123,0.09273978571097057
1712268670.4279215,-1.314558982849121,0.5400889449649386,0.12076478865411547
1712268670.4289405,-1.3429288069407146,0.5512989560763041,0.13127417200141483
1712268670.4299598,-1.31210724512736,0.5498977171050178,0.14283448457717896
1712268670.4309788,-1.225947274102105,0.5313311351670159,0.17050918605592516
1712268670.431998,-1.0981081591712103,0.4672239555252923,0.1680569847424825
1712268670.433017,-0.9222856495115492,0.40416767199834186,0.14738854434755114
1712268670.434036,-0.7033830881118774,0.31133482853571576,0.11410885386996798
1712268670.4350553,-0.44735471407572425,0.17120980554156834,0.05875946333010991
1712268670.4360743,-0.16891067226727804,0.04579789936542511,0.0013081985525786877
1712268670.4370935,0.1239176011747784,-0.07154282596376207,-0.04667549497551388
1712268670.4381125,0.41187455256779987,-0.19552922911114162,-0.10446576608551873
1712268670.4391317,0.6826661692725288,-0.3209166063202752,-0.18221994241078696
1712268670.4401507,0.9275346994400024,-0.40567566951115924,-0.2526190049118466
1712268670.44117,1.1286140812767875,-0.4753742284244961,-0.2985009882185194
1712268670.442189,1.272242334153917,-0.5251088738441467,-0.34193125036027694
1712268670.443208,1.353164513905843,-0.511449376742045,-0.3569917215241326
1712268670.4442272,1.3703298568725586,-0.4841303163104587,-0.3562912344932556
1712268670.4452462,1.3216363059149847,-0.45435958438449436,-0.3580424520704481
1712268670.4462655,1.2151413493686252,-0.4014727473258972,-0.3464844160609775
1712268670.4472845,1.0515453418095906,-0.307257076104482,-0.30305415391921997
1712268670.4483037,0.8311986923217773,-0.2168941166665819,-0.23230484790272182
1712268670.4493227,0.5635599295298258,-0.11812527974446614,-0.17696628967920938
1712268670.4503417,0.26053951846228707,0.0030597614952259595,-0.1121711317035887
1712268670.451361,-0.056132082309987806,0.09554228848881191,-0.05368037356270684
1712268670.45238,-0.3667985730701023,0.1680569847424825,-0.008148647223909697
1712268670.4533992,-0.66030310259925,0.266144507461124,0.0500016493929757
1712268670.4544182,-0.9138798051410251,0.34461451901329887,0.10535103579362233
1712268670.4554374,-1.1236760351392958,0.39435893297195435,0.13722947902149624
1712268670.4564564,-1.2683268388112385,0.42273425393634373,0.13477729426489934
1712268670.4574757,-1.3425785965389676,0.46266986264122856,0.14038229982058206
1712268670.4584947,-1.3548370202382405,0.4577654931280348,0.14248417483435735
1712268670.4595137,-1.3110566139221191,0.45671456389957005,0.1302232344945272
1712268670.460533,-1.2122877438863118,0.4658226834403144,0.12672010395261976
1712268670.461552,-1.0606320699055989,0.42833924293518066,0.1039497885439131
1712268670.4625711,-0.8630943960613674,0.35827673143810695,0.062262589732805886
1712268670.4635901,-0.6238777107662624,0.28401046991348267,0.016721952706575394
1712268670.4646094,-0.34543368551466197,0.20238762100537616,-0.006397426542308595
1712268670.4656284,-0.0484267125527064,0.08223041064209408,-0.036518416470951505
1712268670.4666476,0.25493451290660435,-0.03861988170279397,-0.08625307016902499
1712268670.4676666,0.552700228161282,-0.1506979763507843,-0.12828235824902853
1712268670.4686856,0.8273452520370483,-0.2956990400950114,-0.18081896834903294
1712268670.4697049,1.0592522223790486,-0.41478200091256034,-0.2312541173564063
1712268670.4707239,1.2347588274214003,-0.48623181051678127,-0.2557711965507931
1712268670.471743,1.3437060515085857,-0.5366669429673089,-0.27573511004447937
1712268670.472762,1.3815397686428494,-0.5737927887174818,-0.305856102042728
1712268670.4737813,1.3591198126475017,-0.5629352728525797,-0.3377283281750149
1712268670.4748003,1.2764460510677762,-0.5163527859581841,-0.33632732099956936
1712268670.4758193,1.1324675877888997,-0.4575117760234409,-0.32757123311360675
1712268670.4768386,0.9317384163538615,-0.3450834419992235,-0.29990196228027344
1712268670.4778576,0.6830165121290419,-0.2039350734816657,-0.24946681327290005
1712268670.4788768,0.40031423171361286,-0.07889794806639354,-0.206386794646581
1712268670.4798958,0.09238946768972608,0.04264508270555072,-0.16015456782446966
1712268670.480915,-0.21374190847078958,0.17576386531194052,-0.09886186156007978
1712268670.481934,-0.505495203865899,0.30362794796625775,-0.009549623355269432
1712268670.4829533,-0.7713304625617133,0.38384954134623206,0.05700790219836765
1712268670.4839723,-0.9940856695175171,0.4651220639546712,0.11130635109212664
1712268670.4849913,-1.1601013607449002,0.5022551947169833,0.1578979194164276
1712268670.4860106,-1.2648243374294705,0.48824270566304523,0.18066825138198003
1712268670.4870296,-1.315259536107381,0.4847395751211378,0.19468074043591815
1712268670.4880488,-1.306503348880344,0.4731792542669508,0.21009450157483417
1712268670.4890678,-1.2504643864101834,0.43254299296273124,0.20483980576197305
1712268670.490087,-1.1446906460656059,0.3677351607216729,0.15684699018796286
1712268670.491106,-0.9846291277143691,0.3158888883060879,0.10254853301578097
1712268670.492125,-0.7800865835613674,0.24267357256677416,0.056307274434301585
1712268670.4931443,-0.5363166994518703,0.15474511517418754,-0.0021944978895286718
1712268670.4941633,-0.2561214400662316,0.0899372829331292,-0.05192915598551432
1712268670.4951825,0.04579789936542511,0.009715700935986307,-0.10096332265271081
1712268670.4962015,0.3512704703542921,-0.10236429671446481,-0.16400726305113897
1712268670.4972208,0.649036169052124,-0.20953898628552753,-0.22529996103710598
1712268670.4982398,0.9198278188705444,-0.2827399969100952,-0.2599741352929009
1712268670.499259,1.1373718579610188,-0.35839272869957817,-0.2666287620862325
1712268670.500278,1.2929107083214653,-0.4242386089430915,-0.2886941366725498
1712268670.501297,1.384342246585422,-0.45155763626098633,-0.2974502576722039
1712268670.5023162,1.4078132311503093,-0.48623181051678127,-0.3013029363420274
1712268670.5033352,1.3664763503604465,-0.5068962110413445,-0.30480537149641246
1712268670.5043545,1.2533254093594022,-0.47362301084730357,-0.28133902284834117
1712268670.5053735,1.0809716251161363,-0.4126805398199293,-0.2421116828918457
1712268670.5063927,0.8473130729463365,-0.34018003278308445,-0.21339166495535108
1712268670.5074117,0.5709164672427707,-0.24736533562342325,-0.2032345864507887
1712268670.508431,0.2633420129617055,-0.1142726010746426,-0.16785994172096252
1712268670.50945,-0.05683257348007626,0.001658511141108142,-0.125130166610082
1712268670.510469,-0.3720522258016798,0.13933135403527153,-0.08310087853007846
1712268670.5114882,-0.6620542870627509,0.2955707576539781,-0.021808166056871414
1712268670.5125072,-0.910727580388387,0.40066454145643443,0.030384144435326256
1712268670.5135264,-1.1054633061091106,0.47142770555284286,0.06366384112172656
1712268670.5145454,-1.2382058302561443,0.5292292767100863,0.09624290797445509
1712268670.5155647,-1.30510237481859,0.5730183256997002,0.14878979987568325
1712268670.5165837,-1.318061484230889,0.5663624074723985,0.1876744959089491
1712268670.5176027,-1.2767326831817627,0.5449933475918239,0.19818387097782558
1712268670.518622,-1.1846184730529785,0.5071595642301772,0.19818387097782558
1712268670.519641,-1.0466223292880588,0.40837142202589244,0.1715601152843899
1712268670.5206602,-0.8655461337831285,0.30748138825098675,0.1302232344945272
1712268670.5216792,-0.6431411372290717,0.21640012661616007,0.0958925982316335
1712268670.5226984,-0.388513704140981,0.10955478582117292,0.05245383828878403
1712268670.5237174,-0.1121711317035887,-0.02215840957230992,-0.019006213794151943
1712268670.5247366,0.17961730559666952,-0.13598773214552137,-0.10831845303376515
1712268670.5257556,0.47423018349541557,-0.23860924773746067,-0.17451458507113987
1712268670.5267746,0.7474740346272787,-0.34088051981396145,-0.23965997828377616
1712268670.527794,0.9863871998257107,-0.3934171133571201,-0.2879936496416728
1712268670.528813,1.1769572893778484,-0.4203858971595764,-0.31426194641325206
1712268670.5298321,1.3100760512881808,-0.45611080196168685,-0.34193125036027694
1712268670.5308511,1.376285155614217,-0.47362301084730357,-0.36539759900834823
1712268670.5318704,1.3818901114993625,-0.45120739274554783,-0.3608444333076477
1712268670.5328894,1.3184834851158989,-0.4084776176346673,-0.31811465819676715
1712268670.5339086,1.1902691258324516,-0.36819954713185626,-0.2834404839409722
1712268670.5349276,1.0039028194215562,-0.2844912144872877,-0.2403604653146532
1712268670.5359466,0.7653399308522542,-0.20673703816201952,-0.1916765338844723
1712268670.5369658,0.4843892653783162,-0.14649505416552225,-0.1534999410311381
1712268670.5379848,0.17085949579874674,-0.04632525146007538,-0.10236429671446481
1712268670.539004,-0.15420042806201512,0.07102040780915155,-0.040721346934636436
1712268670.540023,-0.4729225238164266,0.1715601152843899,0.012167888796991771
1712268670.5410423,-0.7653762896855671,0.25423389342096114,0.036339457664224833
1712268670.5420613,-1.0042427645789251,0.348818302154541,0.05595696055226856
1712268670.5430803,-1.1856692367129855,0.4171292318238152,0.08573353290557861
1712268670.5440996,-1.300899452633328,0.4591667652130127,0.10430009828673469
1712268670.5451186,-1.3516848617129855,0.5197708143128289,0.1298729164732827
1712268670.5461378,-1.3404770692189534,0.5400889449649386,0.15089167488945854
1712268670.5471568,-1.2742809454600017,0.5141658253139919,0.14178353879186842
1712268670.548176,-1.155548228157891,0.47423018349541557,0.12181572616100311
1712268670.549195,-0.9849793381161159,0.4339442319340176,0.11060572332806057
1712268670.5502143,-0.7751831743452284,0.3558245301246643,0.10359947052266863
1712268670.5512333,-0.5289615856276618,0.25598545869191486,0.062262589732805886
1712268670.5522523,-0.24946681327290005,0.15684699018796286,0.021276016616159014
1712268670.5532715,0.0500016493929757,0.015671015199687745,-0.033015975107749305
1712268670.5542905,0.3491686118973626,-0.14054089784622192,-0.10166380968358782
1712268670.5553098,0.6339727507697211,-0.25857316123114693,-0.15174870689709982
1712268670.5563288,0.887599057621426,-0.3604941897922092,-0.19342775146166483
1712268670.557348,1.0907803641425238,-0.4585625065697564,-0.24071070883009169
1712268670.558367,1.2459688716464572,-0.5296620726585388,-0.3027039104037815
1712268670.559386,1.3416041268242729,-0.5499762296676636,-0.33562683396869236
1712268670.5604053,1.371731095843845,-0.5650367339452108,-0.3534892863697476
1712268670.5614243,1.3352984852261014,-0.5268600914213393,-0.3608444333076477
1712268670.5624435,1.2386122014787462,-0.43719761901431614,-0.33667756451500785
1712268670.5634625,1.0858759615156386,-0.3559409909778171,-0.31040926774342853
1712268670.5644817,0.8777903185950385,-0.2673292491171095,-0.2844912144872877
1712268670.5655007,0.6241640117433336,-0.15665213267008463,-0.2431624134381612
1712268670.56652,0.3400604592429267,-0.019006213794151943,-0.17136237687534756
1712268670.567539,0.02933320485883289,0.09344041347503662,-0.09500917461183336
1712268670.568558,-0.2802882923020257,0.2114957571029663,-0.033366220692793526
1712268670.5695772,-0.5755440394083658,0.31939201884799534,0.03318664514356189
1712268670.5705962,-0.83402415116628,0.3694867425494724,0.08082915511396196
1712268670.5716155,-1.0487237903806899,0.4104733135965135,0.11656103862656488
1712268670.5726345,-1.2070340580410428,0.4574151833852132,0.16035012072987026
1712268670.5736537,-1.306153138478597,0.47072705295350814,0.1915279361936781
1712268670.5746727,-1.3460809654659696,0.4514598846435547,0.18697387642330593
1712268670.575692,-1.3250663545396593,0.4370970527331034,0.15824824571609497
1712268670.576711,-1.2441599369049072,0.4125751720534431,0.14213386509153578
1712268670.57773,-1.1163208219740126,0.3614295522371928,0.10815353857146369
1712268670.5787492,-0.9380466408199734,0.3277995189030965,0.07207134531603919
1712268670.5797682,-0.7124894857406616,0.28506139914194745,0.04264508270555072
1712268670.5807874,-0.4494561751683553,0.19538137647840711,-0.009899867905510796
1712268670.5818064,-0.15595164563920763,0.08958697319030762,-0.07084233065446217
1712268670.5828257,0.15579604440265232,-0.006397426542308595,-0.12337894075446658
1712268670.5838447,0.462319552898407,-0.10516625311639574,-0.1485965152581533
1712268670.5848637,0.745021833313836,-0.22179752588272095,-0.18782385521464878
1712268670.585883,0.9919922219382392,-0.3069068325890435,-0.22074679533640543
1712268670.586902,1.1909698115454779,-0.3972697920269436,-0.24841608272658453
1712268670.5879211,1.329693529340956,-0.4939371678564283,-0.2837907274564107
1712268670.5889401,1.3966031869252522,-0.5342152383592393,-0.29920147524939644
1712268670.5899594,1.3941510518391926,-0.540169378121694,-0.29499851995044285
1712268670.5909784,1.3216363059149847,-0.5237078997823927,-0.28729316261079574
1712268670.5919976,1.1864157517751057,-0.4900844891866048,-0.2939477894041273
1712268670.5930166,0.9996991025076972,-0.40637615654203624,-0.28624243206448025
1712268670.5940356,0.760785871081882,-0.3118102418051826,-0.2554209530353546
1712268670.5950549,0.4787842432657877,-0.19412823849254185,-0.22424923049079046
1712268670.5960739,0.1701588597562578,-0.027412070582310356,-0.16891067226727804
1712268670.597093,-0.14334286252657572,0.1239176011747784,-0.10586674014727274
1712268670.598112,-0.4477049575911628,0.24057169755299884,-0.05893403457270728
1712268670.5991313,-0.7205450534820557,0.3516207800971137,-0.012351575617988903
1712268670.6001503,-0.9485539462831285,0.454612672328949,0.05560665080944697
1712268670.6011693,-1.1250770092010498,0.5120639668570625,0.1260194761885537
1712268670.6021886,-1.2469618850284152,0.5404392878214518,0.16455387075742087
1712268670.6032076,-1.304752164416843,0.5611077282163832,0.19818387097782558
1712268670.6042268,-1.307203902138604,0.5274776948822869,0.20904355578952366
1712268670.6052458,-1.2564184930589464,0.46652330292595756,0.19538137647840711
1712268670.606265,-1.1583501762813992,0.4174795415666368,0.18347074588139853
1712268670.607284,-1.0126486089494493,0.3537226716677348,0.16280230548646715
1712268670.6083033,-0.8291207419501411,0.2619407574335734,0.11691135664780934
1712268670.6093223,-0.6018123361799452,0.157547609673606,0.03774070905314551
1712268670.6103413,-0.33632732099956936,0.06786759114927715,-0.026011094450950623
1712268670.6113605,-0.04457402974367142,-0.04632525146007538,-0.09220722648832533
1712268670.6123796,0.25493451290660435,-0.14124138487709892,-0.15735261970096165
1712268670.6133988,0.5495474073621962,-0.20463556051254272,-0.20008239481184217
1712268670.6144178,0.8224409156375461,-0.2886941366725498,-0.24666484859254625
1712268670.615437,1.0553987820943196,-0.3717019822862413,-0.2956990400950114
1712268670.616456,1.2386122014787462,-0.4263400700357225,-0.3310736682679918
1712268670.6174753,1.3594701555040147,-0.4428015483750237,-0.32652050256729126
1712268670.6184943,1.4050107532077365,-0.464866922961341,-0.31776441468132866
1712268670.6195133,1.3846925894419353,-0.4491059316529168,-0.31040926774342853
1712268670.6205325,1.2985156642066107,-0.4130307833353678,-0.28624243206448025
1712268670.6215515,1.1510341697269015,-0.3937673568725586,-0.26487754450904
1712268670.6225708,0.9425981177224053,-0.33982978926764595,-0.23755851719114515
1712268670.6235898,0.6809145874447292,-0.2428121699227227,-0.18607263763745627
1712268670.624609,0.37859486209021675,-0.1436931060420142,-0.13318577574359045
1712268670.625628,0.05070227301783032,-0.04212232099639045,-0.09956234859095679
1712268670.626647,-0.27713608410623336,0.0797782176070743,-0.0739945305718316
1712268670.6276662,-0.5790464745627509,0.20063605573442247,-0.029863779329591326
1712268670.6286852,-0.8483841684129503,0.2955707576539781,0.006913200227750672
1712268670.6297045,-1.066936453183492,0.4069701830546061,0.051753210524717964
1712268670.6307235,-1.220343377855089,0.5005036460028754,0.10149759550889333
1712268670.6317427,-1.3128077983856201,0.5351845754517449,0.1260194761885537
1712268670.6327617,-1.3408272796207004,0.5460442768202888,0.13828042480680677
1712268670.633781,-1.3068536917368572,0.5537511573897468,0.15089167488945854
1712268670.6348,-1.22279511557685,0.5327324072519938,0.17646448479758367
1712268670.635819,-1.0942555136150784,0.47458049323823714,0.1680569847424825
1712268670.6368382,-0.9198339780171711,0.4111739330821567,0.14878979987568325
1712268670.6378572,-0.7026826010810004,0.3109845187928941,0.11305791636308034
1712268670.6388764,-0.4498064186837938,0.17191042502721152,0.05525633692741394
1712268670.6398954,-0.17311359445254007,0.04754946049716737,-9.303357930750483e-05
1712268670.6409147,0.12041447891129388,-0.07259355651007758,-0.04772622552182939
1712268670.6419337,0.4076708025402493,-0.19798093371921116,-0.10586674014727274
1712268670.6429527,0.6809145874447292,-0.3233683109283447,-0.18817409873008728
1712268670.643972,0.9282353189256456,-0.40462493896484375,-0.2561214400662316
1712268670.644991,1.1282637384202745,-0.47992739412519664,-0.3016531798574659
1712268670.6460102,1.272242334153917,-0.5237078997823927,-0.343332224422031
1712268670.6470292,1.353164513905843,-0.5044444733195834,-0.3541897734006246
1712268670.6480484,1.3710304101308186,-0.47852642006344265,-0.3520883123079936
1712268670.6490674,1.3244387838575575,-0.4505069057146708,-0.35103758176167804
1712268670.6500866,1.2168929311964247,-0.3955185744497511,-0.33702780803044635
1712268670.6511056,1.0532969236373901,-0.30445512798097396,-0.29079559776518077
1712268670.6521246,0.8318993780348036,-0.21269117792447406,-0.22565020455254448
1712268670.653144,0.5632095866733127,-0.1139223575592041,-0.17171262039078605
1712268670.654163,0.2636923227045271,0.006913200227750672,-0.10901894006464216
1712268670.6551821,-0.050528177784548864,0.0958925982316335,-0.055431595279110804
1712268670.6562011,-0.36294589440027875,0.1698085500134362,-0.011300844036870532
1712268670.6572204,-0.6585518519083658,0.266144507461124,0.04474695771932602
1712268670.6582394,-0.915630989604526,0.3477673398123847,0.0979944732454088
1712268670.6592586,-1.1229754818810356,0.39400862322913277,0.12672010395261976
1712268670.6602776,-1.2672760751512315,0.4307914442486233,0.12321698168913522
1712268670.6612966,-1.3404770692189534,0.47037674321068657,0.1337263567580117
1712268670.6623158,-1.3548370202382405,0.4672239555252923,0.13828042480680677
1712268670.6633348,-1.3124575879838731,0.4693258139822218,0.1316244817442364
1712268670.664354,-1.2105365594228108,0.4710773958100213,0.1316244817442364
1712268670.665373,-1.059231095843845,0.42868955267800224,0.11130635109212664
1712268670.6663923,-0.8651958571539985,0.35652514961030746,0.07207134531603919
1712268670.6674113,-0.6235275003645155,0.27735451857248944,0.02828226735194524
1712268670.6684303,-0.3450834419992235,0.19643230570687187,0.004110699260814322
1712268670.6694496,-0.04772622552182939,0.07487383981545766,-0.031614998976389565
1712268670.6704686,0.25913826293415493,-0.03791939467191696,-0.08380136556095547
1712268670.6714878,0.5569039450751411,-0.1531496975156996,-0.12863260176446703
1712268670.6725068,0.8304980728361342,-0.3016531798574659,-0.18642288115289476
1712268670.673526,1.0596024990081787,-0.4123302963044908,-0.23755851719114515
1712268670.674545,1.2316060066223145,-0.4827293422487047,-0.26312632693184745
1712268670.6755643,1.337750752766927,-0.5342152383592393,-0.28484145800272626
1712268670.6765833,1.3773360517289903,-0.5681888924704658,-0.3160131639904446
1712268670.6776023,1.357017887963189,-0.5562806129455566,-0.3436824679374695
1712268670.6786215,1.2743441263834636,-0.5132005943192376,-0.3377283281750149
1712268670.6796405,1.1293147669898138,-0.4571615325080024,-0.32687074608272976
1712268670.6806598,0.9296365578969319,-0.343332224422031,-0.29534879657957286
1712268670.6816788,0.6854687134424845,-0.206386794646581,-0.24386290046903822
1712268670.682698,0.4038173622555203,-0.08695356547832489,-0.20078288184271917
1712268670.683717,0.0997460385163625,0.03528852015733719,-0.1545506715774536
1712268670.684736,-0.205686307615704,0.17296137081252203,-0.09290771351920234
1712268670.6857553,-0.5002415511343214,0.2955707576539781,-0.006747670575148529
1712268670.6867743,-0.7706299755308363,0.3803464108043247,0.05805883970525529
1712268670.6877935,-0.9923344850540161,0.4619692431555854,0.11340822610590193
1712268670.6888125,-1.1583501762813992,0.5036564668019613,0.15684699018796286
1712268670.6898317,-1.2665755218929715,0.49209614594777423,0.17506324582629734
1712268670.6908507,-1.318061484230889,0.48824270566304523,0.1915279361936781
1712268670.69187,-1.3107062710656059,0.4728289445241292,0.20659137103292677
1712268670.692889,-1.2557180722554524,0.4293901721636454,0.1960819959640503
1712268670.693908,-1.149944331910875,0.3635314106941223,0.14668792486190796
1712268670.6949272,-0.991283721394009,0.31133482853571576,0.09764416350258721
1712268670.6959462,-0.7832387420866225,0.23181388775507608,0.050351959135797285
1712268670.6969655,-0.5370171864827474,0.14878979987568325,-0.009549623355269432
1712268670.6979845,-0.25892340474658543,0.0916888482040829,-0.054731108248233795
1712268670.6990037,0.04369602021243837,0.002359136318167051,-0.10376527905464172
1712268670.7000227,0.35267170932557845,-0.10831845303376515,-0.16750969820552403
1712268670.701042,0.6472845872243246,-0.20813801222377354,-0.22319849994447497
1712268670.702061,0.9163246552149454,-0.28589218854904175,-0.2512180308500926
1712268670.70308,1.133518483903673,-0.36434686846203274,-0.26137510935465497
1712268670.7040992,1.2897578875223796,-0.4256395830048455,-0.2834404839409722
1712268670.7051182,1.383641693327162,-0.4526083668073018,-0.2893946237034268
1712268670.7061374,1.410265366236369,-0.4900844891866048,-0.2939477894041273
1712268670.7071564,1.3654254542456732,-0.511449376742045,-0.2981507447030809
1712268670.7081757,1.2540259626176622,-0.4732727673318651,-0.2753848665290409
1712268670.7091947,1.08027093940311,-0.41373127036624485,-0.2428121699227227
1712268670.7102137,0.8473130729463365,-0.3436824679374695,-0.21864533424377441
1712268670.711233,0.5716170867284139,-0.24421314398447672,-0.20918874277008903
1712268670.712252,0.266144507461124,-0.11147064467271169,-0.17171262039078605
1712268670.7132711,-0.054731108248233795,0.006913200227750672,-0.13178480168183646
1712268670.7142901,-0.37240246931711835,0.14843949013286167,-0.08485209610727099
1712268670.7153094,-0.6645060247845119,0.3011757797665066,-0.02075743344095018
1712268670.7163284,-0.910727580388387,0.4055689109696282,0.030734456247753568
1712268670.7173476,-1.1054633061091106,0.4731792542669508,0.0671669633852111
1712268670.7183666,-1.234353118472629,0.5299298961957296,0.10359947052266863
1712268670.7193856,-1.303000979953342,0.5716170867284139,0.15964948468738133
1712268670.7204049,-1.317711141374376,0.56040710873074,0.19433043069309658
1712268670.7214239,-1.2774331039852567,0.5421908365355598,0.20448949601915148
1712268670.722443,-1.1881208419799805,0.497000515460968,0.20238762100537616
1712268670.723462,-1.0462720526589286,0.3996136122279697,0.16945824027061462
1712268670.7244813,-0.8644953701231215,0.30818204085032147,0.1277710414595074
1712268670.7255003,-0.6431411372290717,0.21850200162993536,0.09238946768972608
1712268670.7265196,-0.39201613929536605,0.10990510384241739,0.04124383545584149
1712268670.7275386,-0.11567357513639662,-0.01795548117823071,-0.036518416470951505
1712268670.7285576,0.17506324582629734,-0.12863260176446703,-0.12337894075446658
1712268670.7295768,0.4696761237250434,-0.2312541173564063,-0.18467166357570225
1712268670.7305958,0.7432702514860365,-0.3373780846595764,-0.24736533562342325
1712268670.731615,0.9811325205696954,-0.3881634606255425,-0.2918463283114963
1712268670.732634,1.1738044685787625,-0.4186346795823839,-0.3156629204750061
1712268670.7336533,1.3079741266038682,-0.4613644546932644,-0.342631737391154
1712268670.7346723,1.3783869478437636,-0.4820288552178277,-0.3622454073694017
1712268670.7356913,1.3857434855567083,-0.4582122630543179,-0.3527887993388706
1712268670.7367105,1.321986648771498,-0.4168834620051914,-0.310759511258867
1712268670.7377295,1.1916703648037381,-0.37240246931711835,-0.2788873182402717
1712268670.7387488,1.0056544012493558,-0.2897448672188653,-0.23615752657254535
1712268670.7397678,0.7670915126800537,-0.20988922980096605,-0.19097604685359532
1712268670.740787,0.48614081409242416,-0.14334286252657572,-0.15244919392797682
1712268670.741806,0.1715601152843899,-0.040721346934636436,-0.10201405319902632
1712268670.7428253,-0.1538501845465766,0.07522415783670214,-0.03861988170279397
1712268670.7438443,-0.4746737413936191,0.17541355556911892,0.010766638442873955
1712268670.7448633,-0.7667772637473212,0.25913826293415493,0.030734456247753568
1712268670.7458825,-1.0038925541771782,0.3523213995827569,0.05420539942052629
1712268670.7469015,-1.1839179197947185,0.41012300385369194,0.08468259539869097
1712268670.7479208,-1.302650769551595,0.454612672328949,0.1018479135301378
1712268670.7489398,-1.3544868098364935,0.5145161350568136,0.12882197896639505
1712268670.749959,-1.3432790173424614,0.5302802059385512,0.14633761511908636
1712268670.750978,-1.2774331039852567,0.5082105265723335,0.1379301067855623
1712268670.751997,-1.1587003866831462,0.46792457501093543,0.11831260389751858
1712268670.7530162,-0.98638031217787,0.4290398624208238,0.11130635109212664
1712268670.7540352,-0.7776348458396064,0.35021954112582737,0.10254853301578097
1712268670.7550545,-0.5310630467202928,0.2517816921075185,0.06331352723969354
1712268670.7560735,-0.2522687613964081,0.1540444791316986,0.02267726593547397
1712268670.7570927,0.043345710469616786,0.009015075241525968,-0.0326657315923108
1712268670.7581117,0.3442642092704773,-0.14439359307289124,-0.09991259210639529
1712268670.759131,0.629418690999349,-0.2606746223237779,-0.14929700228903028
1712268670.76015,0.8833952744801838,-0.3657478425237867,-0.1916765338844723
1712268670.761169,1.0883281628290813,-0.46451667944590247,-0.2421116828918457
1712268670.7621882,1.242115365134345,-0.5310630467202928,-0.3055058585272895
1712268670.7632072,1.3402028878529866,-0.5520776907602946,-0.3384288152058919
1712268670.7642264,1.3706800672743056,-0.5646864573160807,-0.35839272869957817
1712268670.7652454,1.3342475891113281,-0.5212561951743232,-0.3622454073694017
1712268670.7662647,1.2358097235361736,-0.43299469682905406,-0.33702780803044635
1712268670.7672837,1.0823728640874226,-0.35173806879255504,-0.30970878071255153
1712268670.768303,0.8742871549394395,-0.26417705747816295,-0.2816892663637797
1712268670.769322,0.6266161468293932,-0.14719554119639927,-0.23475655251079136
1712268670.770341,0.3404107689857483,-0.016904748562309477,-0.15420042806201512
1712268670.7713602,0.02933320485883289,0.0920391579469045,-0.07994867861270905
1712268670.7723792,-0.2823897533946567,0.21079512106047735,-0.015153527880708376
1712268670.7733984,-0.5737927887174818,0.31238579087787205,0.046848836872312755
1712268670.7744174,-0.830871926413642,0.3607288996378581,0.0902875926759508
1712268670.7754366,-1.0452213552263048,0.40626956356896293,0.1260194761885537
1712268670.7764556,-1.2014301617940266,0.4472561346160041,0.16525449024306402
1712268670.7774746,-1.302300426695082,0.4658226834403144,0.18802480565177068
1712268670.778494,-1.3467815187242296,0.45181019438637626,0.17716512084007263
1712268670.779513,-1.3247161441379123,0.44410331381691825,0.14914010961850485
1712268670.7805321,-1.2438097265031602,0.41993174288007945,0.13127417200141483
1712268670.7815511,-1.1138692167070177,0.3652829925219218,0.09904541075229645
1712268670.7825704,-0.9369958771599664,0.3344554702440898,0.06436446474658118
1712268670.7835894,-0.7135401831732856,0.2885645296838548,0.03668977154625787
1712268670.7846086,-0.4519078797764248,0.1922285556793213,-0.013402308233910136
1712268670.7856276,-0.15875359376271567,0.0878354079193539,-0.07154282596376207
1712268670.7866466,0.15264324016041225,-0.008849135289589563,-0.11672430568271212
1712268670.7876658,0.462319552898407,-0.1139223575592041,-0.14089114136166042
1712268670.7886848,0.7464230722851223,-0.23300533493359882,-0.18292042944166395
1712268670.789704,0.9961959388520982,-0.31636344061957467,-0.21864533424377441
1712268670.790723,1.194823185602824,-0.40637615654203624,-0.24946681327290005
1712268670.7917423,1.3314451111687553,-0.4988405770725674,-0.28484145800272626
1712268670.7927613,1.3980044258965385,-0.5345654818746779,-0.30095269282658893
1712268670.7937803,1.3945013946957059,-0.5338649948438009,-0.2967497706413269
1712268670.7947996,1.3205854098002117,-0.5209059516588846,-0.2911458412806193
1712268670.7958186,1.18396348423428,-0.4848308033413357,-0.3013029363420274
1712268670.7968378,0.9982977973090278,-0.4007722602950202,-0.2914960847960578
1712268670.7978568,0.760435594452752,-0.3062063455581665,-0.2592736482620239
1712268670.798876,0.4787842432657877,-0.18642288115289476,-0.22529996103710598
1712268670.799895,0.16910793052779302,-0.02320914218823115,-0.16821018523640102
1712268670.8009143,-0.14264237549569872,0.1239176011747784,-0.10761795772446527
1712268670.8019333,-0.44595374001397026,0.24127231703864202,-0.059284282227357224
1712268670.8029523,-0.7198445664511787,0.34566548135545516,-0.008849135289589563
1712268670.8039715,-0.9447013007269965,0.4525108138720194,0.06051102446185218
1712268670.8049905,-1.1219247182210286,0.5099620752864413,0.1298729164732827
1712268670.8060098,-1.2424087524414062,0.5449933475918239,0.16840731104214987
1712268670.8070288,-1.302650769551595,0.5653114451302422,0.20308825704786512
1712268670.808048,-1.303701400756836,0.5239745643403795,0.2114957571029663
1712268670.809067,-1.2539667553371854,0.46687361266877914,0.19818387097782558
1712268670.8100863,-1.157299412621392,0.4185305039087931,0.18872544169425964
1712268670.8111053,-1.0126486089494493,0.3516207800971137,0.16630543602837455
1712268670.8121243,-0.8291207419501411,0.25598545869191486,0.11480947335561116
1712268670.8131435,-0.6018123361799452,0.15824824571609497,0.03423758265044954
1712268670.8141625,-0.33632732099956936,0.06821790503131019,-0.03126475546095106
1712268670.8151817,-0.04562476028998693,-0.045975007944636874,-0.09886186156007978
1712268670.8162007,0.25493451290660435,-0.13528724511464438,-0.16155554188622367
1712268670.81722,0.5505983365906609,-0.19833117723464966,-0.206386794646581
1712268670.818239,0.8203390571806166,-0.28589218854904175,-0.2550707095199161
1712268670.819258,1.0529465807808769,-0.3692502776781718,-0.30305415391921997
1712268670.8202772,1.2330072455936008,-0.4182844360669454,-0.3328248858451843
1712268670.8212962,1.3517632749345567,-0.43859859307607013,-0.3233683109283447
1712268670.8223155,1.399756007724338,-0.46031372414694893,-0.31321121586693657
1712268670.8233345,1.3797881868150499,-0.4477049575911628,-0.3020034233729045
1712268670.8243537,1.2918598122066922,-0.4172337055206299,-0.27678584059079486
1712268670.8253727,1.1461297671000164,-0.4021732343567742,-0.25822291771570843
1712268670.826392,0.9383944008085463,-0.3436824679374695,-0.22705119517114428
1712268670.827411,0.6795133484734429,-0.24946681327290005,-0.1787175072564019
1712268670.82843,0.37684328026241726,-0.14299261901113722,-0.13073407113552094
1712268670.8294492,0.04895071188608805,-0.04492427325910992,-0.10341503553920321
1712268670.8304682,-0.27678584059079486,0.08328134814898173,-0.07959843509727053
1712268670.8314874,-0.5814982122845119,0.201687001519733,-0.034066707723670535
1712268670.8325064,-0.8508358399073283,0.29802295896742076,0.00025726080315911933
1712268670.8335257,-1.0711393753687541,0.4164286123381721,0.0461482091082467
1712268670.8345447,-1.224546300040351,0.5061086350017123,0.09764416350258721
1712268670.8355637,-1.313158008787367,0.5404392878214518,0.12286666366789076
1712268670.836583,-1.3425785965389676,0.5509486463334825,0.13687916927867466
1712268670.837602,-1.308955086602105,0.5519995755619472,0.15544573465983072
1712268670.8386211,-1.224196089638604,0.5260764559110006,0.18277012639575535
1712268670.8396401,-1.0949560006459553,0.4619692431555854,0.17716512084007263
1712268670.8406594,-0.9180827273262872,0.40101485119925606,0.15684699018796286
1712268670.8416784,-0.7016319036483765,0.29907388819588554,0.12041447891129388
1712268670.8426976,-0.4484054446220398,0.15649668044514126,0.06016071471903059
1712268670.8437166,-0.16926091578271654,0.04159414519866308,0.002359136318167051
1712268670.8447356,0.12216604418224758,-0.0743447740872701,-0.0484267125527064
1712268670.8457549,0.41012300385369194,-0.2032345864507887,-0.11006967061095767
1712268670.8467739,0.6802139679590861,-0.3219673368665907,-0.19622971614201862
1712268670.847793,0.9264837370978461,-0.4025234778722127,-0.26347657044728595
1712268670.848812,1.1289644241333008,-0.4764249589708116,-0.310759511258867
1712268670.8498313,1.2711913055843778,-0.5191547340816921,-0.34963660769992405
1712268670.8508503,1.3500116931067572,-0.502693255742391,-0.3608444333076477
1712268670.8518696,1.3699795140160453,-0.4827293422487047,-0.3601439462767707
1712268670.8528886,1.3216363059149847,-0.45611080196168685,-0.3573419650395711
1712268670.8539076,1.2158419026268852,-0.4032239649030897,-0.34018003278308445
1712268670.8549268,1.0518956846661038,-0.310759511258867,-0.2886941366725498
1712268670.8559458,0.8318993780348036,-0.22389898697535196,-0.22284825642903644
1712268670.856965,0.5656617879867554,-0.12057699263095856,-0.17066188984447056
1712268670.857984,0.266144507461124,-0.0007935216934937569,-0.10691747069358826
1712268670.8590033,-0.050528177784548864,0.08293103012773725,-0.054030621217356786
1712268670.8600223,-0.36469711197747123,0.16350292497211033,-0.008849135289589563
1712268670.8610413,-0.6613538000318739,0.2636923227045271,0.04860039800405502
1712268670.8620605,-0.916331476635403,0.34461451901329887,0.0997460385163625
1712268670.8630795,-1.1250770092010498,0.39435893297195435,0.12672010395261976
1712268670.8640988,-1.2672760751512315,0.4328933027055528,0.12356729143195681
1712268670.8651178,-1.3425785965389676,0.46827488475375706,0.13442698452207777
1712268670.866137,-1.3558877838982475,0.45986738469865585,0.13582823177178702
1712268670.867156,-1.3117570347256131,0.46477175421184963,0.12882197896639505
1712268670.8681753,-1.2105365594228108,0.4693258139822218,0.12917229698763952
1712268670.8691943,-1.059931582874722,0.4216832915941874,0.10605166355768839
1712268670.8702133,-0.8609929349687364,0.3516207800971137,0.0650650883714358
1712268670.8712325,-0.6207254860136244,0.2798067198859321,0.025129454831282295
1712268670.8722515,-0.3429819809065925,0.1960819959640503,0.006562887380520502
1712268670.8732708,-0.04667549497551388,0.07312228282292683,-0.03091451194551256
1712268670.8742898,0.2577370074060228,-0.040371099279986486,-0.07784721752007802
1712268670.875309,0.5555027061038547,-0.15700237618552312,-0.12197796669271257
1712268670.876328,0.8287465572357178,-0.30375464095009697,-0.1787175072564019
1712268670.8773472,1.056449744436476,-0.41513224442799884,-0.22705119517114428
1712268670.8783662,1.2316060066223145,-0.4848308033413357,-0.2519185178809696
1712268670.8793852,1.3391519917382133,-0.5359664559364319,-0.27713608410623336
1712268670.8804045,1.3776863945855033,-0.5723918146557277,-0.31321121586693657
1712268670.8814235,1.3573682308197021,-0.5576815870073106,-0.342631737391154
1712268670.8824427,1.2753950224982367,-0.5156522989273071,-0.34158100684483844
1712268670.8834617,1.1307160059611003,-0.45400934086905587,-0.33247464232974583
1712268670.884481,0.9306875202390883,-0.3342258599069383,-0.3027039104037815
1712268670.8855,0.6823158926433986,-0.2014833688735962,-0.2519185178809696
1712268670.886519,0.40066454145643443,-0.08415160907639398,-0.21093996034728155
1712268670.8875382,0.09379072321785821,0.04124383545584149,-0.1622560289171007
1712268670.8885572,-0.21234093440903556,0.1775154305828942,-0.09255747000376384
1712268670.8895764,-0.5075966980722215,0.29697202973895603,-0.0014940098238488038
1712268670.8905954,-0.7741324106852213,0.37684328026241726,0.060861338343885206
1712268670.8916147,-0.9947861565483941,0.46372082498338485,0.11901323166158465
1712268670.8926337,-1.1615023348066542,0.49104518360561794,0.16315261522928873
1712268670.893653,-1.2672760751512315,0.4773830042945014,0.18031792508231267
1712268670.894672,-1.317711141374376,0.47913455300860935,0.19713294174936083
1712268670.895691,-1.313158008787367,0.4651220639546712,0.20869324604670206
1712268670.8967102,-1.2567687034606934,0.422033601337009,0.19468074043591815
1712268670.8977292,-1.151345305972629,0.36598361200756496,0.14318479432000053
1712268670.8987484,-0.989182260301378,0.3176404701338874,0.09238946768972608
1712268670.8997674,-0.7811372809939914,0.23917044202486673,0.04439664797650443
1712268670.9007866,-0.5380679170290629,0.15929917494455972,-0.014102796299590005
1712268670.9018056,-0.25892340474658543,0.10044665800200568,-0.05963452574279573
1712268670.9028246,0.042294772962729134,0.011817575949761603,-0.10551649663183424
1712268670.9038439,0.3491686118973626,-0.10306479202376471,-0.16750969820552403
1712268670.9048629,0.6472845872243246,-0.20498580402798122,-0.22179752588272095
1712268670.9058821,0.9166749980714586,-0.28098877933290267,-0.2445633874999152
1712268670.9069011,1.1352700657314725,-0.3664483295546638,-0.2550707095199161
1712268670.9079204,1.2936113940344915,-0.42739080058203804,-0.2753848665290409
1712268670.9089394,1.3867945141262479,-0.45646104547712535,-0.2823897533946567
1712268670.9099586,1.4113163948059082,-0.4988405770725674,-0.2886941366725498
1712268670.9109776,1.3692788283030193,-0.5125001072883606,-0.2935975458886888
1712268670.9119966,1.256828573015001,-0.4715215497546726,-0.2711819443437788
1712268670.9130158,1.0827231407165527,-0.4112795657581753,-0.23895949125289917
1712268670.9140348,0.8483640352884928,-0.34158100684483844,-0.2172443601820204
1712268670.915054,0.571967429584927,-0.23860924773746067,-0.21093996034728155
1712268670.916073,0.2654438879754808,-0.11147064467271169,-0.17521507210201687
1712268670.9170923,-0.054030621217356786,0.004811324696573946,-0.1373887062072754
1712268670.9181113,-0.3706512517399258,0.15334385964605543,-0.08975551360183291
1712268670.9191306,-0.6627547740936279,0.30432860056559247,-0.025310605350467894
1712268670.9201496,-0.9103773699866401,0.40136516094207764,0.024779143018854987
1712268670.9211686,-1.1051130294799805,0.4710773958100213,0.062262589732805886
1712268670.9221878,-1.234703328874376,0.5264267656538222,0.09939572049511804
1712268670.9232068,-1.302650769551595,0.5656617879867554,0.15509542491700914
1712268670.924226,-1.31981266869439,0.5516492658191257,0.18732418616612753
1712268670.925245,-1.2795346313052707,0.5351845754517449,0.19818387097782558
1712268670.9262643,-1.1846184730529785,0.49384769466188216,0.19923481676313612
1712268670.9272833,-1.0466223292880588,0.3950595524575975,0.1722607347700331
1712268670.9283023,-0.8641451597213745,0.30187639925214976,0.13302572899394566
1712268670.9293215,-0.6438416242599487,0.21289699607425266,0.09729384548134273
1712268670.9303405,-0.39236638281080455,0.1018479135301378,0.0461482091082467
1712268670.9313598,-0.11602381865183511,-0.028112559682793088,-0.034767194754547544
1712268670.9323788,0.1761141750547621,-0.13143455816639793,-0.11987650560008155
1712268670.933398,0.4710773958100213,-0.23545703954166836,-0.18257018592622545
1712268670.934417,0.7460727294286092,-0.33632732099956936,-0.24911656975746155
1712268670.9354362,0.9846356179979112,-0.383610294924842,-0.29534879657957286
1712268670.9364552,1.1748553646935356,-0.4179341925515069,-0.3219673368665907
1712268670.9374743,1.306923230489095,-0.4575117760234409,-0.35103758176167804
1712268670.9384935,1.3745335737864177,-0.4715215497546726,-0.36854979064729476
1712268670.9395125,1.383641693327162,-0.44490300946765476,-0.3566414780086941
1712268670.9405317,1.3205854098002117,-0.4084776176346673,-0.31005902422799003
1712268670.9415507,1.1923710505167644,-0.3664483295546638,-0.27643559707535637
1712268670.94257,1.0046034389071994,-0.28554194503360325,-0.23195460438728333
1712268670.943589,0.7635884152518378,-0.2147926390171051,-0.18432142006026372
1712268670.944608,0.4836886458926731,-0.1506979763507843,-0.14159162839253744
1712268670.9456272,0.17120980554156834,-0.04317305154270596,-0.08975551360183291
1712268670.9466462,-0.1545506715774536,0.06856821477413177,-0.029513535814152822
1712268670.9476655,-0.47397325436274207,0.1659551097287072,0.015671015199687745
1712268670.9486845,-0.7671275403764513,0.25248232815000743,0.030033830553293228
1712268670.9497037,-1.0038925541771782,0.35056985086864895,0.054555713302559324
1712268670.9507227,-1.1853188938564725,0.41187455256779987,0.08117946485678355
1712268670.951742,-1.300549242231581,0.4630202054977417,0.09624290797445509
1712268670.952761,-1.3513346513112385,0.5281783474816216,0.12496853868166605
1712268670.95378,-1.3408272796207004,0.5425411462783813,0.14073260956340367
1712268670.9547992,-1.2774331039852567,0.5145161350568136,0.13092385398017034
1712268670.9558182,-1.157299412621392,0.47843393352296615,0.11445916361278957
1712268670.9568374,-0.988481773270501,0.43639643324746025,0.11515979137685564
1712268670.9578564,-0.7786856094996134,0.3516207800971137,0.10640197330050997
1712268670.9588757,-0.5314132902357314,0.25423389342096114,0.06891852865616481
1712268670.9598947,-0.2522687613964081,0.15019105540381536,0.027581643727090623
1712268670.960914,0.04439664797650443,-0.0014940098238488038,-0.029513535814152822
1712268670.961933,0.3435635897848341,-0.1506979763507843,-0.09465893109639485
1712268670.962952,0.6308199299706353,-0.26382681396272445,-0.14194187190797594
1712268670.9639711,0.883745617336697,-0.36539759900834823,-0.18642288115289476
1712268670.9649901,1.087627543343438,-0.4666181405385335,-0.24071070883009169
1712268670.9660094,1.242115365134345,-0.5258093608750237,-0.30865805016623604
1712268670.9670284,1.3370500670539007,-0.5468240049150255,-0.3391293022367689
1712268670.9680476,1.368578275044759,-0.5615342987908257,-0.3618951638539632
1712268670.9690666,1.3349482748243544,-0.5132005943192376,-0.36364638143115574
1712268670.9700856,1.2372109625074599,-0.426690313551161,-0.3391293022367689
1712268670.9711049,1.0851753420299954,-0.3527887993388706,-0.3156629204750061
1712268670.9721239,0.8774399757385254,-0.26382681396272445,-0.2893946237034268
1712268670.973143,0.62591552734375,-0.14824627174271476,-0.2424619264072842
1712268670.974162,0.3400604592429267,-0.019006213794151943,-0.16155554188622367
1712268670.9751813,0.03143508194221391,0.0860838426484002,-0.0876540525092019
1712268670.9762003,-0.2785370747248332,0.20448949601915148,-0.024610118319590885
1712268670.9772196,-0.5734425783157349,0.30362794796625775,0.03914195630285475
1712268670.9782386,-0.8343744277954102,0.3481176495552063,0.08117946485678355
1712268670.9792576,-1.0504749748441908,0.3992633024851481,0.11971385114722781
1712268670.9802768,-1.2056330839792888,0.4448039333025614,0.16490418050024244
1712268670.9812958,-1.307554112540351,0.45951707495583427,0.1915279361936781
1712268670.982315,-1.3492331239912245,0.4448039333025614,0.17961730559666952
1712268670.983334,-1.3254165649414062,0.43744736247592503,0.15264324016041225
1712268670.9843533,-1.2452107005649142,0.4111739330821567,0.13302572899394566
1712268670.9853723,-1.1173715856340196,0.3628307912084791,0.0979944732454088
1712268670.9863913,-0.9387471278508503,0.3330542312728034,0.06646633976035647
1712268670.9874105,-0.7128396961424086,0.2829595075713264,0.03458789446287685
1712268670.9884295,-0.4498064186837938,0.1922285556793213,-0.021107676956388686
1712268670.9894488,-0.15700237618552312,0.08538322316275702,-0.08169990446832445
1712268670.9904678,0.15649668044514126,-0.005696938476628727,-0.127231627702713
1712268670.991487,0.4616189334127638,-0.11112040115727319,-0.14789602822727627
1712268670.992506,0.7432702514860365,-0.2284521692328983,-0.18852434224552578
1712268670.9935253,0.9919922219382392,-0.31356145938237506,-0.21829509072833592
1712268670.9945443,1.1892182297176785,-0.4119800527890523,-0.24771559569570753
1712268670.9955633,1.3272413942548964,-0.5051449603504604,-0.2816892663637797
1712268670.9965825,1.3927498128679063,-0.5373674299981859,-0.2921965718269348
1712268670.9976015,1.3906478881835938,-0.5454230308532715,-0.28589218854904175
1712268670.9986207,1.3177829318576388,-0.5317635337511698,-0.2820395098792182
1712268670.9996397,1.1860654089185927,-0.49323668082555133,-0.2921965718269348
1712268671.000659,0.9996991025076972,-0.4028737213876512,-0.2834404839409722
1712268671.001678,0.7621871100531684,-0.310759511258867,-0.2561214400662316
1712268671.0026972,0.48333833614985144,-0.18432142006026372,-0.22424923049079046
1712268671.0037162,0.17471293608347574,-0.014803284365269873,-0.16821018523640102
1712268671.0047352,-0.14019065433078343,0.12882197896639505,-0.10936918358008066
1712268671.0057545,-0.4435020354059007,0.24337419205241734,-0.06383745206726922
1712268671.0067735,-0.7180933819876777,0.3579264216952854,-0.012701820168230269
1712268671.0077927,-0.9475032488505045,0.4581158028708564,0.06156196196873982
1712268671.0088117,-1.1264779832628038,0.5127645863427056,0.12952260673046112
1712268671.009831,-1.2476624382866752,0.5407895975642734,0.1698085500134362
1712268671.01085,-1.303000979953342,0.5534008476469252,0.20413918627632988
1712268671.011869,-1.30510237481859,0.5131148960855272,0.21289699607425266
1712268671.0128882,-1.2595706515842013,0.454612672328949,0.20308825704786512
1712268671.0139072,-1.1583501762813992,0.40591925382614136,0.1918782459364997
1712268671.0149264,-1.0147500700420804,0.3432132800420125,0.16875762078497145
1712268671.0159454,-0.830171439382765,0.24757794207996792,0.11410885386996798
1712268671.0169647,-0.6025128232108222,0.15509542491700914,0.03423758265044954
1712268671.0179837,-0.3342258599069383,0.06786759114927715,-0.03021402284502983
1712268671.019003,-0.04562476028998693,-0.04492427325910992,-0.09991259210639529
1712268671.020022,0.25493451290660435,-0.125830653640959,-0.16400726305113897
1712268671.021041,0.5484964781337314,-0.19447848200798035,-0.20463556051254272
1712268671.0220602,0.8224409156375461,-0.2844912144872877,-0.2561214400662316
1712268671.0230792,1.0532969236373901,-0.36539759900834823,-0.3069068325890435
1712268671.0240984,1.2354595131344266,-0.4165332184897529,-0.3345761034223768
1712268671.0251174,1.35351472430759,-0.44140054119957817,-0.32582001553641426
1712268671.0261366,1.4011572466956244,-0.466968384053972,-0.31706392765045166
1712268671.0271556,1.3811894257863362,-0.4501566621992323,-0.3062063455581665
1712268671.0281746,1.295713186264038,-0.42353812191221446,-0.2834404839409722
1712268671.0291939,1.1468303203582764,-0.4091781046655443,-0.26242583990097046
1712268671.0302129,0.9401459164089626,-0.344733198483785,-0.2302033868100908
1712268671.031232,0.679863691329956,-0.24771559569570753,-0.1776667767100864
1712268671.0322511,0.377543932861752,-0.14719554119639927,-0.12898285355832842
1712268671.0332704,0.0500016493929757,-0.04317305154270596,-0.10481600960095723
1712268671.0342894,-0.2753848665290409,0.08573353290557861,-0.0743447740872701
1712268671.0353086,-0.5800972382227579,0.2037888765335083,-0.029863779329591326
1712268671.0363276,-0.8487343788146973,0.30292732848061454,0.004811324696573946
1712268671.0373466,-1.064134505059984,0.41993174288007945,0.05350477579567167
1712268671.0383658,-1.2168408764733207,0.5064589447445339,0.09939572049511804
1712268671.0393848,-1.3100058502621121,0.5379870865080092,0.12146541641818152
1712268671.040404,-1.3366243574354384,0.5467448963059319,0.1302232344945272
1712268671.041423,-1.303351190355089,0.5590058697594537,0.15019105540381536
1712268671.0424423,-1.219642824596829,0.5295795864529079,0.17716512084007263
1712268671.0434613,-1.0942555136150784,0.4696761237250434,0.16735636525683933
1712268671.0444806,-0.9191334909862942,0.40802111228307086,0.14878979987568325
1712268671.0454996,-0.6995304425557455,0.3032776382234361,0.11060572332806057
1712268671.0465186,-0.44735471407572425,0.16525449024306402,0.05525633692741394
1712268671.0475378,-0.17101213335990906,0.04544758548339208,0.004811324696573946
1712268671.0485568,0.12146541641818152,-0.07294380002551608,-0.042822808027267456
1712268671.049576,0.4069701830546061,-0.20043263832728067,-0.10656722717814975
1712268671.050595,0.6819655497868856,-0.32231758038202923,-0.1906258033381568
1712268671.0516143,0.9285855955547756,-0.4007722602950202,-0.2522687613964081
1712268671.0526333,1.130365663104587,-0.48307958576414317,-0.302353666888343
1712268671.0536523,1.2732932302686903,-0.5184542470508151,-0.3450834419992235
1712268671.0546715,1.3556166489919026,-0.49603862894905937,-0.3562912344932556
1712268671.0556905,1.3731323348151312,-0.47852642006344265,-0.3573419650395711
1712268671.0567098,1.3265407085418701,-0.4526083668073018,-0.3601439462767707
1712268671.0577288,1.2193450662824843,-0.39096540874905056,-0.346134172545539
1712268671.058748,1.0546981626086764,-0.2985009882185194,-0.29429803291956586
1712268671.059767,0.8304980728361342,-0.2130414214399126,-0.2295028997792138
1712268671.0607862,0.56040710873074,-0.1142726010746426,-0.17206286390622458
1712268671.0618052,0.2612401379479302,0.0020088237296375963,-0.10936918358008066
1712268671.0628242,-0.052279399500952825,0.08188009262084961,-0.05683257348007626
1712268671.0638435,-0.3657478425237867,0.16525449024306402,-0.008849135289589563
1712268671.0648625,-0.66030310259925,0.26299170321888393,0.054555713302559324
1712268671.0658817,-0.9159812662336562,0.34181204107072616,0.10640197330050997
1712268671.0669007,-1.1226252714792888,0.38455016083187527,0.12917229698763952
1712268671.06792,-1.2655248906877306,0.4251864221360948,0.1253188567029105
1712268671.068939,-1.3401268588172064,0.4588164554701911,0.13828042480680677
1712268671.0699582,-1.3534360461764865,0.4570648736423916,0.13687916927867466
1712268671.0709772,-1.3103560606638591,0.47037674321068657,0.12812135948075187
1712268671.0719962,-1.2087852425045438,0.47423018349541557,0.1277710414595074
1712268671.0730155,-1.058530608812968,0.42833924293518066,0.10640197330050997
1712268671.0740345,-0.8630943960613674,0.3572258022096422,0.06436446474658118
1712268671.0750537,-0.6203752756118774,0.28436077965630424,0.02407851732439465
1712268671.0760727,-0.3443829549683465,0.1974832514921824,0.005161637026402685
1712268671.077092,-0.049127203722794846,0.07207134531603919,-0.03441695123910904
1712268671.078111,0.25598545869191486,-0.036168172955513,-0.08029892212814754
1712268671.07913,0.5544517768753899,-0.16050481133990818,-0.1261808971563975
1712268671.0801492,0.8304980728361342,-0.3118102418051826,-0.18572239412201774
1712268671.0811682,1.0592522223790486,-0.41618297497431433,-0.23195460438728333
1712268671.0821874,1.2302047676510282,-0.48763278457853526,-0.2561214400662316
1712268671.0832064,1.3366997241973877,-0.5394688910908169,-0.2788873182402717
1712268671.0842257,1.3773360517289903,-0.5723918146557277,-0.3160131639904446
1712268671.0852447,1.3573682308197021,-0.5513772037294176,-0.34123076332939994
1712268671.086264,1.2746944692399766,-0.5153020554118686,-0.33527659045325386
1712268671.087283,1.130015320248074,-0.4526083668073018,-0.32582001553641426
1712268671.088302,0.9306875202390883,-0.33177415529886883,-0.29499851995044285
1712268671.0893211,0.6854687134424845,-0.20008239481184217,-0.24841608272658453
1712268671.0903401,0.40241612328423393,-0.08625307016902499,-0.2060365511311425
1712268671.0913594,0.09939572049511804,0.03949227018488778,-0.16015456782446966
1712268671.0923784,-0.20533604754341972,0.18066825138198003,-0.09080624414814843
1712268671.0933976,-0.5005917946497599,0.2934688991970486,-0.006747670575148529
1712268671.0944166,-0.7706299755308363,0.37859486209021675,0.053154461913638644
1712268671.0954356,-0.9940856695175171,0.462319552898407,0.11095604134930505
1712268671.0964549,-1.1579999658796523,0.49034456411997474,0.15229293041759068
1712268671.0974739,-1.2658751010894775,0.4826376835505167,0.16945824027061462
1712268671.098493,-1.317010720570882,0.48508988486395943,0.19047699040836757
1712268671.099512,-1.3096556398603652,0.47142770555284286,0.20659137103292677
1712268671.1005313,-1.2567687034606934,0.42483611239327324,0.19468074043591815
1712268671.1015503,-1.150644752714369,0.3638817204369439,0.14248417483435735
1712268671.1025696,-0.989882747332255,0.3127361006206936,0.0997460385163625
1712268671.1035886,-0.7811372809939914,0.2276101377275255,0.051753210524717964
1712268671.1046076,-0.5349157253901163,0.15299354990323386,-0.0070979151253898936
1712268671.1056268,-0.2550707095199161,0.09624290797445509,-0.051578912470075816
1712268671.1066458,0.047199146615134344,0.005161637026402685,-0.10516625311639574
1712268671.107665,0.3516207800971137,-0.10376527905464172,-0.16891067226727804
1712268671.108684,0.6493865119086372,-0.2032345864507887,-0.22529996103710598
1712268671.1097033,0.9201780954996744,-0.27818683120939464,-0.24946681327290005
1712268671.1107223,1.1345693800184462,-0.36399662494659424,-0.2666287620862325
1712268671.1117415,1.2918598122066922,-0.4196854101286994,-0.2883438931571113
1712268671.1127605,1.383992036183675,-0.4491059316529168,-0.2925468153423733
1712268671.1137795,1.410265366236369,-0.49673911597993636,-0.29920147524939644
1712268671.1147988,1.3675272464752197,-0.511449376742045,-0.3013029363420274
1712268671.1158178,1.2561278873019748,-0.4718717932701111,-0.27328340543640983
1712268671.116837,1.0792200432883368,-0.41548248794343734,-0.23790876070658365
1712268671.117856,0.845211214489407,-0.346834659576416,-0.21864533424377441
1712268671.1188753,0.5705661243862575,-0.2417614393764072,-0.20813801222377354
1712268671.1198943,0.2689470185173882,-0.1142726010746426,-0.16891067226727804
1712268671.1209133,-0.05087842129998737,0.006562887380520502,-0.12863260176446703
1712268671.1219325,-0.36714881658554077,0.15264324016041225,-0.07924819158183204
1712268671.1229515,-0.6571508778466119,0.29872357845306396,-0.019006213794151943
1712268671.1239707,-0.907225145234002,0.39821237325668335,0.025830080525742635
1712268671.1249897,-1.1030115683873494,0.470026433467865,0.060861338343885206
1712268671.126009,-1.231551170349121,0.5344839559661018,0.10149759550889333
1712268671.127028,-1.300899452633328,0.5723177062140571,0.16035012072987026
1712268671.1280472,-1.317711141374376,0.5579549074172974,0.190126680665546
1712268671.1290662,-1.2770828935835097,0.5428914560212029,0.1995851265059577
1712268671.1300852,-1.1849686834547255,0.49069487386279637,0.19888449046346876
1712268671.1311045,-1.0466223292880588,0.3908558024300469,0.16875762078497145
1712268671.1321235,-0.8676475948757595,0.29977450768152875,0.1316244817442364
1712268671.1331427,-0.6459430853525797,0.21044481131765577,0.09554228848881191
1712268671.1341617,-0.3934171133571201,0.10079697602325015,0.04264508270555072
1712268671.135181,-0.11952626208464304,-0.028112559682793088,-0.03932036873367097
1712268671.1362,0.1740123000409868,-0.12968334058920541,-0.12057699263095856
1712268671.137219,0.4693258139822218,-0.23615752657254535,-0.18186969889534843
1712268671.1382382,0.7436205943425497,-0.3345761034223768,-0.24526387453079224
1712268671.1392572,0.9832343790266249,-0.37835660907957286,-0.2837907274564107
1712268671.1402764,1.1738044685787625,-0.41443175739712185,-0.31005902422799003
1712268671.1412954,1.306923230489095,-0.45541031493080986,-0.3436824679374695
1712268671.1423147,1.3780367374420166,-0.47047081920835704,-0.3611946768230862
1712268671.1433337,1.384342246585422,-0.44595374001397026,-0.346134172545539
1712268671.144353,1.3202350669436984,-0.41338102685080635,-0.3062063455581665
1712268671.145372,1.1902691258324516,-0.36890003416273326,-0.27678584059079486
1712268671.146391,1.0049537817637126,-0.28589218854904175,-0.23475655251079136
1712268671.1474102,0.7674418555365669,-0.2189955777592129,-0.19377799497710332
1712268671.1484292,0.4847395751211378,-0.1510482198662228,-0.15420042806201512
1712268671.1494484,0.1715601152843899,-0.045274516774548426,-0.09921210507551828
1712268671.1504674,-0.15174870689709982,0.07417322032981448,-0.03932036873367097
1712268671.1514866,-0.4760747154553731,0.16945824027061462,0.004811324696573946
1712268671.1525056,-0.7692290014690822,0.25703638792037964,0.02407851732439465
1712268671.1535249,-1.0066945023006864,0.3537226716677348,0.054906023045380906
1712268671.1545439,-1.1825169457329643,0.4125751720534431,0.08328134814898173
1712268671.1555629,-1.2970467408498128,0.46652330292595756,0.1039497885439131
1712268671.156582,-1.3506340980529785,0.5229236351119148,0.1379301067855623
1712268671.157601,-1.3369745678371854,0.5306305156813728,0.15194260411792332
1712268671.1586204,-1.2704282336764865,0.508560836315155,0.13828042480680677
1712268671.1596394,-1.154497464497884,0.47423018349541557,0.11971385114722781
1712268671.1606586,-0.9835783640543619,0.4349951942761739,0.12076478865411547
1712268671.1616776,-0.7744826873143513,0.3498692313830058,0.10675229132175446
1712268671.1626966,-0.5261596043904623,0.2584376434485118,0.06366384112172656
1712268671.1637158,-0.24876632624202305,0.15509542491700914,0.021276016616159014
1712268671.1647348,0.04754946049716737,-0.00044327766065382294,-0.037218903501828514
1712268671.165754,0.3460157910982768,-0.14334286252657572,-0.10201405319902632
1712268671.166773,0.6318708260854086,-0.2561214400662316,-0.14684529768096075
1712268671.1677923,0.8847965796788533,-0.3667985730701023,-0.18887458576096428
1712268671.1688113,1.0865765810012817,-0.46801911460028756,-0.24806583921114603
1712268671.1698306,1.241414811876085,-0.5275606115659078,-0.31005902422799003
1712268671.1708496,1.3398525449964735,-0.5510269602139791,-0.33947954575220746
1712268671.1718686,1.3727819919586182,-0.5611840221616957,-0.3611946768230862
1712268671.1728878,1.3370500670539007,-0.512850350803799,-0.35839272869957817
1712268671.1739068,1.2428160508473713,-0.43229420979817706,-0.3338756163914998
1712268671.174926,1.0883281628290813,-0.3527887993388706,-0.31251072883605957
1712268671.175945,0.8809431393941243,-0.266278518570794,-0.2879936496416728
1712268671.1769643,0.6301193104849921,-0.1436931060420142,-0.23930973476833767
1712268671.1779833,0.3439138995276557,-0.016904748562309477,-0.1552511586083306
1712268671.1790023,0.03423758265044954,0.09238946768972608,-0.08730380899376339
1712268671.1800215,-0.27713608410623336,0.21289699607425266,-0.022858898672792647
1712268671.1810405,-0.5727420912848579,0.3053795297940572,0.03563883403937022
1712268671.1820598,-0.832623177104526,0.35021954112582737,0.07872728010018666
1712268671.1830788,-1.0469725396898057,0.40591925382614136,0.12146541641818152
1712268671.184098,-1.2035316891140408,0.4476064443588257,0.16630543602837455
1712268671.185117,-1.30510237481859,0.4609183139271206,0.18942606117990282
1712268671.1861362,-1.3478321499294705,0.44515424304538304,0.17296137081252203
1712268671.1871552,-1.3250663545396593,0.44024987353218925,0.15089167488945854
1712268671.1881742,-1.2445101473066542,0.4097726609971788,0.1337263567580117
1712268671.1891935,-1.1152701907687717,0.3673848509788513,0.09904541075229645
1712268671.1902125,-0.9338437186347114,0.3460157910982768,0.07172102729479472
1712268671.1912317,-0.7089870505862765,0.29101669788360596,0.04124383545584149
1712268671.1922507,-0.44630398352940875,0.19538137647840711,-0.01375255174934864
1712268671.19327,-0.15700237618552312,0.09449135098192427,-0.07364428705639309
1712268671.194289,0.15544573465983072,0.0020088237296375963,-0.1142726010746426
1712268671.1953082,0.4616189334127638,-0.10866869654920366,-0.1394901672999064
1712268671.1963272,0.7471236917707655,-0.2263506915834215,-0.1804687248335944
1712268671.1973462,0.9958456622229682,-0.3146121899286906,-0.2172443601820204
1712268671.1983654,1.1927212609185112,-0.41408151388168335,-0.2529692484272851
1712268671.1993845,1.3268910513983831,-0.5058454473813375,-0.29044535424974227
1712268671.2004037,1.3927498128679063,-0.5366669429673089,-0.29990196228027344
1712268671.2014227,1.3899473349253337,-0.5387684040599399,-0.2925468153423733
1712268671.202442,1.3153306643168132,-0.5303625596894158,-0.2932473023732503
1712268671.203461,1.1825622452629936,-0.48693229754765827,-0.307257076104482
1712268671.20448,0.9947946998808119,-0.39937125311957467,-0.2893946237034268
1712268671.2054992,0.7555311918258667,-0.307957563135359,-0.2606746223237779
1712268671.2065182,0.47633207506603664,-0.17906775077184042,-0.22389898697535196
1712268671.2075374,0.17261106106970045,-0.014803284365269873,-0.16365701953570047
1712268671.2085564,-0.1394901672999064,0.12356729143195681,-0.10621698366271125
1712268671.2095757,-0.44595374001397026,0.24092200729582045,-0.056482329964637756
1712268671.2105947,-0.7173928949568007,0.3516207800971137,-0.009199378805028068
1712268671.211614,-0.9436505370669894,0.45601394441392684,0.06436446474658118
1712268671.212633,-1.1222750610775418,0.5064589447445339,0.12917229698763952
1712268671.213652,-1.2427589628431532,0.5456939670774672,0.1701588597562578
1712268671.2146711,-1.302650769551595,0.5579549074172974,0.201687001519733
1712268671.2156901,-1.305452717675103,0.5096117655436198,0.20448949601915148
1712268671.2167094,-1.2553677293989394,0.45951707495583427,0.18802480565177068
1712268671.2177284,-1.1601013607449002,0.4174795415666368,0.18347074588139853
1712268671.2187476,-1.0158008337020874,0.34671641058391994,0.1638532347149319
1712268671.2197666,-0.832623177104526,0.2517816921075185,0.10710260106457604
1712268671.2207856,-0.6028630998399522,0.15859855545891655,0.02933320485883289
1712268671.2218049,-0.3377283281750149,0.0671669633852111,-0.030564266360468335
1712268671.2228239,-0.04702573849095239,-0.04492427325910992,-0.09465893109639485
1712268671.223843,0.25423389342096114,-0.12477992309464349,-0.1531496975156996
1712268671.224862,0.5534008476469252,-0.19377799497710332,-0.19763069020377264
1712268671.2258813,0.8266446325514052,-0.2886941366725498,-0.24946681327290005
1712268671.2269003,1.060303184721205,-0.3710014952553643,-0.29920147524939644
1712268671.2279196,1.241064469019572,-0.41373127036624485,-0.32582001553641426
1712268671.2289386,1.3580689165327284,-0.44105029768413967,-0.31776441468132866
1712268671.2299576,1.4039598570929632,-0.4624151852395799,-0.31671368413501316
1712268671.2309768,1.3825907972123888,-0.4438522789213392,-0.30410488446553546
1712268671.2319958,1.2971144252353244,-0.4207361406750149,-0.2788873182402717
1712268671.233015,1.1482315593295627,-0.4070766435729133,-0.26312632693184745
1712268671.234034,0.93769371509552,-0.3429819809065925,-0.23195460438728333
1712268671.2350533,0.6781121095021566,-0.25051754381921554,-0.18221994241078696
1712268671.2360723,0.3743911120626661,-0.14439359307289124,-0.13143455816639793
1712268671.2370915,0.04860039800405502,-0.04947744723823335,-0.10726771420902675
1712268671.2381105,-0.2746843794981639,0.08258072038491567,-0.08029892212814754
1712268671.2391295,-0.5797469615936279,0.1922285556793213,-0.035817929440074496
1712268671.2401488,-0.8508358399073283,0.29697202973895603,0.0013081985525786877
1712268671.2411678,-1.065535479121738,0.4174795415666368,0.05210352440675099
1712268671.242187,-1.219292614195082,0.5019048849741617,0.09904541075229645
1712268671.243206,-1.307554112540351,0.5323820975091722,0.11971385114722781
1712268671.2442253,-1.3380253314971924,0.5491970976193746,0.131974791487058
1712268671.2452443,-1.304401954015096,0.5548020866182115,0.1578979194164276
1712268671.2462633,-1.223845746782091,0.5239745643403795,0.1799676153394911
1712268671.2472825,-1.0935550265842013,0.46266986264122856,0.16735636525683933
1712268671.2483015,-0.9191334909862942,0.4031167427698771,0.14949041936132643
1712268671.2493207,-0.7047840621736314,0.29136700762642753,0.11270759834183587
1712268671.2503397,-0.4529586103227403,0.15509542491700914,0.05210352440675099
1712268671.251359,-0.17521507210201687,0.040543207691775426,-9.303357930750483e-05
1712268671.252378,0.11656103862656488,-0.07574574814902411,-0.050528177784548864
1712268671.2533972,0.40206581354141235,-0.20708728167745802,-0.11532333162095812
1712268671.2544162,0.6784624523586696,-0.3216170933511522,-0.19973215129640368
1712268671.2554352,0.9247321552700466,-0.4035742084185282,-0.2603243788083394
1712268671.2564545,1.125811603334215,-0.47782593303256565,-0.31005902422799003
1712268671.2574735,1.2690895133548312,-0.5103986461957296,-0.3457839290301005
1712268671.2584927,1.3503620359632704,-0.49183570676379734,-0.34998685121536255
1712268671.2595117,1.3720813062455919,-0.4764249589708116,-0.35068733824623954
1712268671.260531,1.3261903656853569,-0.45120739274554783,-0.35033709473080105
1712268671.26155,1.2200457519955106,-0.3934171133571201,-0.3331751293606228
1712268671.2625692,1.0536472002665203,-0.30340439743465847,-0.27818683120939464
1712268671.2635882,0.8318993780348036,-0.22284825642903644,-0.22004630830552843
1712268671.2646072,0.5639102061589559,-0.11567357513639662,-0.16610872414377
1712268671.2656264,0.26439295874701607,-0.0014940098238488038,-0.10586674014727274
1712268671.2666454,-0.049827690753671855,0.07557446757952373,-0.058583791057268776
1712268671.2676647,-0.36469711197747123,0.1659551097287072,-0.014453039815028507
1712268671.2686837,-0.661704076661004,0.26439295874701607,0.04474695771932602
1712268671.269703,-0.9180827273262872,0.3453151716126336,0.09449135098192427
1712268671.270722,-1.1285793781280518,0.38980487320158214,0.11656103862656488
1712268671.271741,-1.2693774700164795,0.4349951942761739,0.11831260389751858
1712268671.2727602,-1.3422282536824544,0.4640711347262064,0.13337604701519012
1712268671.2737792,-1.3569385475582547,0.4574151833852132,0.13302572899394566
1712268671.2747984,-1.3128077983856201,0.47177801529566443,0.13232510950830248
1712268671.2758174,-1.2105365594228108,0.47142770555284286,0.13232510950830248
1712268671.2768366,-1.0574798451529608,0.4213329818513658,0.10990510384241739
1712268671.2778556,-0.8592417505052354,0.35337236192491317,0.07137071755197313
1712268671.2788749,-0.6172230508592393,0.28155826860004,0.032135705567068525
1712268671.2798939,-0.34018003278308445,0.19468074043591815,0.011817575949761603
1712268671.2809129,-0.047375982006390885,0.07137071755197313,-0.033366220692793526
1712268671.281932,0.25808733370569015,-0.03371646420823203,-0.07889794806639354
1712268671.282951,0.5551523963610331,-0.15945408079359266,-0.12863260176446703
1712268671.2839704,0.8287465572357178,-0.30410488446553546,-0.18817409873008728
1712268671.2849894,1.0553987820943196,-0.4102288352118598,-0.23265509141816032
1712268671.2860086,1.229854424794515,-0.47887666357888115,-0.2599741352929009
1712268671.2870276,1.333547035853068,-0.5331645078129238,-0.2827399969100952
1712268671.2880466,1.3741832309299045,-0.5706406301922268,-0.3195156322585212
1712268671.2890658,1.3563173347049289,-0.5492757426367866,-0.33982978926764595
1712268671.2900848,1.2746944692399766,-0.5177537600199381,-0.33492634693781537
1712268671.291104,1.1307160059611003,-0.4522581232918633,-0.32757123311360675
1712268671.292123,0.9303371773825752,-0.3286219636599223,-0.2911458412806193
1712268671.2931423,0.6865196095572578,-0.20463556051254272,-0.24386290046903822
1712268671.2941613,0.40521860122680664,-0.0876540525092019,-0.2039350734816657
1712268671.2951806,0.10219822327295938,0.0380910187959671,-0.15770286321640015
1712268671.2961996,-0.2032345864507887,0.18031792508231267,-0.08485209610727099
1712268671.2972186,-0.5030434992578294,0.29136700762642753,-0.00044327766065382294
1712268671.2982378,-0.7720309495925903,0.38279861211776733,0.05665758831633462
1712268671.2992568,-0.9947861565483941,0.4654723736974928,0.11375853584872352
1712268671.300276,-1.1583501762813992,0.4857905043496026,0.15334385964605543
1712268671.301295,-1.2658751010894775,0.47948489586512244,0.1740123000409868
1712268671.3023143,-1.318061484230889,0.47948489586512244,0.1922285556793213
1712268671.3033333,-1.314558982849121,0.4602176944414774,0.201687001519733
1712268671.3043525,-1.2606214152442083,0.41187455256779987,0.18277012639575535
1712268671.3053715,-1.151345305972629,0.36037858989503646,0.1337263567580117
1712268671.3063905,-0.989882747332255,0.3134367201063368,0.09379072321785821
1712268671.3074098,-0.7832387420866225,0.23251450724071926,0.04264508270555072
1712268671.3084288,-0.5377176735136244,0.15964948468738133,-0.012701820168230269
1712268671.309448,-0.2564716835816701,0.09939572049511804,-0.055431595279110804
1712268671.310467,0.04509727160135905,0.007263512557579411,-0.10656722717814975
1712268671.3114862,0.3491686118973626,-0.10621698366271125,-0.166809211174647
1712268671.3125052,0.649036169052124,-0.2018336123890347,-0.21864533424377441
1712268671.3135242,0.9177259604136149,-0.2799380487865872,-0.23895949125289917
1712268671.3145435,1.1356204085879855,-0.36504735549290973,-0.2554209530353546
1712268671.3155625,1.2918598122066922,-0.42248739136589897,-0.2753848665290409
1712268671.3165817,1.383992036183675,-0.4582122630543179,-0.2844912144872877
1712268671.3176007,1.410265366236369,-0.5051449603504604,-0.2974502576722039
1712268671.31862,1.3668266932169597,-0.5082971851030985,-0.2978005011876424
1712268671.319639,1.2554272015889485,-0.47012057569291854,-0.27153218785921734
1712268671.3206582,1.0795703199174669,-0.4105790787272983,-0.2431624134381612
1712268671.3216772,0.8445105950037638,-0.34228149387571544,-0.2284521692328983
1712268671.3226962,0.5691648854149712,-0.23580728305710685,-0.21654387315114337
1712268671.3237154,0.2650935782326592,-0.10831845303376515,-0.17486482858657837
1712268671.3247344,-0.057182816995514765,0.009365388088756137,-0.13353601925902897
1712268671.3257537,-0.3720522258016798,0.16245199574364555,-0.08205014798376295
1712268671.3267727,-0.661704076661004,0.306430459022522,-0.01795548117823071
1712268671.327792,-0.908626119295756,0.3989129927423265,0.027231329845057592
1712268671.328811,-1.1012603839238484,0.4731792542669508,0.06786759114927715
1712268671.32983,-1.232251591152615,0.5323820975091722,0.11410885386996798
1712268671.3308492,-1.300199031829834,0.5649611685011122,0.16875762078497145
1712268671.3318682,-1.318761905034383,0.5491970976193746,0.19292919172181022
1712268671.3328874,-1.2760321299235027,0.5397386352221171,0.20238762100537616
1712268671.3339064,-1.1860194471147325,0.4875420861774021,0.19923481676313612
1712268671.3349257,-1.0469725396898057,0.38770298163096106,0.16245199574364555
1712268671.3359447,-0.8672973182466295,0.30362794796625775,0.1263697942097982
1712268671.336964,-0.6466435723834567,0.21429825160238478,0.08853603568341997
1712268671.337983,-0.3983205225732591,0.10219822327295938,0.036339457664224833
1712268671.339002,-0.12407943606376648,-0.025660850935512118,-0.04947744723823335
1712268671.3400211,0.17120980554156834,-0.125130166610082,-0.12828235824902853
1712268671.3410401,0.4672239555252923,-0.23685801360342237,-0.1899253163072798
1712268671.3420594,0.7446714904573228,-0.33247464232974583,-0.24946681327290005
1712268671.3430784,0.9828841023974948,-0.37730587853325737,-0.28519170151816475
1712268671.3440976,1.1755560504065619,-0.42248739136589897,-0.31391170289781356
1712268671.3451166,1.3083244694603813,-0.4627654287550184,-0.3457839290301005
1712268671.3461359,1.3780367374420166,-0.47397325436274207,-0.3625956508848402
1712268671.3471549,1.3860938284132216,-0.4477049575911628,-0.3457839290301005
1712268671.3481739,1.321986648771498,-0.4172337055206299,-0.30410488446553546
1712268671.349193,1.1937722894880507,-0.3667985730701023,-0.27818683120939464
1712268671.350212,1.0067052973641288,-0.2816892663637797,-0.23335557844903734
1712268671.3512313,0.76814247502221,-0.2193458212746514,-0.1902755598227183
1712268671.3522503,0.48649112383524573,-0.1503477328353458,-0.1510482198662228
1712268671.3532696,0.16945824027061462,-0.03861988170279397,-0.09570966164271036
1712268671.3542886,-0.15665213267008463,0.07277196480168237,-0.038269638187355466
1712268671.3553076,-0.47782593303256565,0.16945824027061462,0.002709448906696505
1712268671.3563268,-0.7660767767164443,0.2612401379479302,0.022326954123046663
1712268671.3573458,-1.0045930412080553,0.35547422038184273,0.053154461913638644
1712268671.358365,-1.1846184730529785,0.4094223512543572,0.07767634259329902
1712268671.359384,-1.300899452633328,0.46792457501093543,0.09869510100947486
1712268671.3604033,-1.3481824927859836,0.5260764559110006,0.13127417200141483
1712268671.3614223,-1.3380253314971924,0.5330827169948154,0.14493635959095424
1712268671.3624415,-1.2721794181399875,0.5078602168295119,0.13442698452207777
1712268671.3634605,-1.152396069632636,0.4766823848088582,0.11971385114722781
1712268671.3644795,-0.9835783640543619,0.433593922191196,0.1239176011747784
1712268671.3654988,-0.7769343588087294,0.3439138995276557,0.10850384831428528
1712268671.3665178,-0.5317635337511698,0.2496798170937432,0.06996946202384101
1712268671.367537,-0.2526190049118466,0.14213386509153578,0.024779143018854987
1712268671.368556,0.04544758548339208,-0.009199378805028068,-0.037218903501828514
1712268671.3695753,0.341111421585083,-0.1503477328353458,-0.09956234859095679
1712268671.3705943,0.6283677286571926,-0.2645273009936015,-0.14474383658832973
1712268671.3716133,0.8791915575663248,-0.3696005211936103,-0.19412823849254185
1712268671.3726325,1.0834237602021959,-0.47012057569291854,-0.2571721706125471
1712268671.3736515,1.2393128871917725,-0.5244083868132697,-0.3202161192893982
1712268671.3746707,1.3366997241973877,-0.5513772037294176,-0.346134172545539
1712268671.3756897,1.3678775893317328,-0.5618845091925727,-0.3692502776781718
1712268671.376709,1.3331966929965549,-0.5082971851030985,-0.3660980860392253
1712268671.377728,1.2358097235361736,-0.4270405570665995,-0.33982978926764595
1712268671.3787472,1.083774103058709,-0.3573419650395711,-0.3153126769595676
1712268671.3797662,0.8767393562528822,-0.266278518570794,-0.2841409709718492
1712268671.3807852,0.6280174520280626,-0.1510482198662228,-0.2291526562637753
1712268671.3818045,0.34181204107072616,-0.026011094450950623,-0.14719554119639927
1712268671.3828235,0.032135705567068525,0.08117946485678355,-0.08029892212814754
1712268671.3838427,-0.2788873182402717,0.20448949601915148,-0.014453039815028507
1712268671.3848617,-0.5723918146557277,0.29206766022576225,0.04544758548339208
1712268671.385881,-0.832272900475396,0.33900953001446194,0.08223041064209408
1712268671.3869,-1.0480233033498128,0.3989129927423265,0.12321698168913522
1712268671.3879192,-1.2056330839792888,0.4472561346160041,0.16560479998588562
1712268671.3889382,-1.307203902138604,0.4619692431555854,0.1859229306379954
1712268671.3899572,-1.3485327031877306,0.4504089223013984,0.1677066749996609
1712268671.3909764,-1.3240155908796523,0.4497083028157552,0.14703823460472953
1712268671.3919954,-1.2448604901631672,0.4171292318238152,0.12952260673046112
1712268671.3930147,-1.1159706115722656,0.37369049257702297,0.09904541075229645
1712268671.3940337,-0.9373461537890964,0.34461451901329887,0.07242165505886078
1712268671.395053,-0.7117889987097846,0.2857620186275906,0.040543207691775426
1712268671.396072,-0.4491059316529168,0.1876744959089491,-0.014453039815028507
1712268671.397091,-0.15420042806201512,0.08538322316275702,-0.07154282596376207
1712268671.3981102,0.15649668044514126,-0.003245230246749189,-0.10656722717814975
1712268671.3991292,0.46372082498338485,-0.11777503622902764,-0.13458675808376735
1712268671.4001484,0.7478243112564087,-0.22740143868658277,-0.17906775077184042
1712268671.4011674,0.9933934609095255,-0.31391170289781356,-0.21269117792447406
1712268671.4021866,1.1906194686889648,-0.4196854101286994,-0.24736533562342325
1712268671.4032056,1.3272413942548964,-0.503393742773268,-0.28484145800272626
1712268671.4042249,1.39204912715488,-0.5324640207820468,-0.29429803291956586
1712268671.4052439,1.387144856982761,-0.5405196216371324,-0.2914960847960578
1712268671.4062629,1.3160313500298393,-0.5303625596894158,-0.2960492836104499
1712268671.407282,1.1811610062917073,-0.48658205403221977,-0.30935853719711304
1712268671.408301,0.9947946998808119,-0.40007174015045166,-0.2932473023732503
1712268671.4093204,0.7576330502827961,-0.31286097235149807,-0.2687302397357093
1712268671.4103394,0.4780836237801446,-0.17731653319464788,-0.23230484790272182
1712268671.4113586,0.17261106106970045,-0.0120013321025504,-0.17031164632903203
1712268671.4123776,-0.14054089784622192,0.11901323166158465,-0.11532333162095812
1712268671.4133966,-0.4428015483750237,0.23811951279640198,-0.06804038253095415
1712268671.4144158,-0.7163421312967936,0.3530220521820916,-0.0120013321025504
1712268671.4154348,-0.9422495630052354,0.454612672328949,0.06786759114927715
1712268671.416454,-1.1226252714792888,0.5057583252588908,0.13127417200141483
1712268671.417473,-1.2424087524414062,0.5404392878214518,0.17261106106970045
1712268671.4184923,-1.299848821428087,0.5537511573897468,0.20483980576197305
1712268671.4195113,-1.304401954015096,0.5050577057732476,0.20869324604670206
1712268671.4205306,-1.2553677293989394,0.458466112613678,0.1995851265059577
1712268671.4215496,-1.157299412621392,0.4111739330821567,0.19257886542214286
1712268671.4225686,-1.0165013207329643,0.344964861869812,0.16560479998588562
1712268671.4235878,-0.8336739407645332,0.24827857812245685,0.10570135381486681
1712268671.4246068,-0.6021626128090752,0.16490418050024244,0.027231329845057592
1712268671.425626,-0.3342258599069383,0.07172102729479472,-0.033366220692793526
1712268671.426645,-0.04387354271279441,-0.038269638187355466,-0.10411552257008022
1712268671.4276643,0.25493451290660435,-0.1128716187344657,-0.16085505485534668
1712268671.4286833,0.5505983365906609,-0.18922482927640277,-0.20463556051254272
1712268671.4297025,0.8259440130657619,-0.2799380487865872,-0.25857316123114693
1712268671.4307215,1.056449744436476,-0.3618951638539632,-0.30340439743465847
1712268671.4317405,1.2396632300482855,-0.4077771306037903,-0.3247692849900987
1712268671.4327598,1.3549160957336426,-0.43859859307607013,-0.3114599982897441
1712268671.4337788,1.4018579324086506,-0.466267897023095,-0.30830780665079754
1712268671.434798,1.3815397686428494,-0.44525325298309326,-0.2956990400950114
1712268671.435817,1.2960635291205511,-0.42949226167466903,-0.2746843794981639
1712268671.4368362,1.1471806632147894,-0.41408151388168335,-0.25857316123114693
1712268671.4378552,0.9380440579520332,-0.3485858771536085,-0.22775168220202127
1712268671.4388742,0.6767108705308702,-0.24946681327290005,-0.17906775077184042
1712268671.4398935,0.37404080231984455,-0.14929700228903028,-0.13458675808376735
1712268671.4409125,0.04579789936542511,-0.04492427325910992,-0.11637406216727363
1712268671.4419317,-0.2788873182402717,0.08818571766217549,-0.08695356547832489
1712268671.4429507,-0.583599673377143,0.1995851265059577,-0.04387354271279441
1712268671.44397,-0.8529373009999592,0.30853235059314305,-0.006047182509468662
1712268671.444989,-1.068687703874376,0.42763862344953746,0.04895071188608805
1712268671.4460082,-1.220343377855089,0.5050577057732476,0.0941410329606798
1712268671.4470272,-1.3117570347256131,0.5327324072519938,0.11656103862656488
1712268671.4480462,-1.3369745678371854,0.5463945865631104,0.13302572899394566
1712268671.4490654,-1.304051743613349,0.5551523963610331,0.16455387075742087
1712268671.4500844,-1.222444772720337,0.5180192655987209,0.1876744959089491
1712268671.4511037,-1.0935550265842013,0.4630202054977417,0.17576386531194052
1712268671.4521227,-0.9177325169245402,0.40031423171361286,0.15684699018796286
1712268671.453142,-0.6998806529574924,0.2885645296838548,0.11691135664780934
1712268671.454161,-0.4491059316529168,0.15684699018796286,0.05805883970525529
1712268671.4551802,-0.17241310742166308,0.04264508270555072,0.007613825404809581
1712268671.4561992,0.11656103862656488,-0.0743447740872701,-0.04667549497551388
1712268671.4572182,0.40206581354141235,-0.205686307615704,-0.11532333162095812
1712268671.4582374,0.6781121095021566,-0.3153126769595676,-0.19903166426552665
1712268671.4592564,0.9233309162987603,-0.3958688179651896,-0.2564716835816701
1712268671.4602757,1.1237096786499023,-0.4753742284244961,-0.30935853719711304
1712268671.4612947,1.268388827641805,-0.506545967525906,-0.346834659576416
1712268671.462314,1.3510625892215304,-0.48728254106309676,-0.3555907474623786
1712268671.463333,1.3713807529873319,-0.47852642006344265,-0.35909321573045516
1712268671.464352,1.3254898124270968,-0.4522581232918633,-0.35944345924589366
1712268671.4653711,1.2196954091389973,-0.39166589577992755,-0.33947954575220746
1712268671.4663901,1.0543478197521634,-0.3027039104037815,-0.2834404839409722
1712268671.4674094,0.8318993780348036,-0.22424923049079046,-0.22424923049079046
1712268671.4684284,0.5625089671876695,-0.11672430568271212,-0.16891067226727804
1712268671.4694476,0.26474326848983765,-0.006047182509468662,-0.10761795772446527
1712268671.4704666,-0.05192915598551432,0.06611602587832345,-0.05893403457270728
1712268671.4714859,-0.36749906010097927,0.15579604440265232,-0.0102501114209493
1712268671.4725049,-0.6627547740936279,0.2577370074060228,0.051753210524717964
1712268671.4735239,-0.9208846754497951,0.3344554702440898,0.10009634825918409
1712268671.474543,-1.1292799313863118,0.37999610106150306,0.11270759834183587
1712268671.475562,-1.2686770492129855,0.42763862344953746,0.11445916361278957
1712268671.4765813,-1.3397766484154594,0.4581158028708564,0.12812135948075187
1712268671.4776003,-1.3537863890329997,0.4577654931280348,0.1263697942097982
1712268671.4786196,-1.3103560606638591,0.47633207506603664,0.12251635392506917
1712268671.4796386,-1.2084350321027968,0.47247863478130764,0.12251635392506917
1712268671.4806576,-1.056779358122084,0.42378518316480845,0.09554228848881191
1712268671.4816768,-0.8599422375361124,0.35652514961030746,0.05840914944807688
1712268671.4826958,-0.6179235378901163,0.28646263811323375,0.026180392338169944
1712268671.483715,-0.34193125036027694,0.19327950146463183,0.009015075241525968
1712268671.484734,-0.047375982006390885,0.06996946202384101,-0.03511743826998605
1712268671.4857533,0.2577370074060228,-0.03511743826998605,-0.07784721752007802
1712268671.4867723,0.5548020866182115,-0.16926091578271654,-0.12232821020815107
1712268671.4877915,0.8283962143792046,-0.3209166063202752,-0.18081896834903294
1712268671.4888105,1.056449744436476,-0.4175839490360684,-0.22284825642903644
1712268671.4898295,1.2295040819380019,-0.4904347327020433,-0.25016730030377704
1712268671.4908488,1.3359991709391277,-0.541570352183448,-0.2799380487865872
1712268671.4918678,1.3752341270446777,-0.5734425783157349,-0.3205663628048367
1712268671.492887,1.3563173347049289,-0.5492757426367866,-0.34543368551466197
1712268671.493906,1.2739937835269504,-0.5125001072883606,-0.344733198483785
1712268671.4949253,1.1293147669898138,-0.4399995671378242,-0.3342258599069383
1712268671.4959443,0.9292862150404189,-0.3153126769595676,-0.2960492836104499
1712268671.4969635,0.6868699524137709,-0.19272726443078783,-0.2522687613964081
1712268671.4979825,0.4034670525126987,-0.07994867861270905,-0.21093996034728155
1712268671.4990015,0.10219822327295938,0.0461482091082467,-0.16155554188622367
1712268671.5000207,-0.2039350734816657,0.18837511539459229,-0.08169990446832445
1712268671.5010397,-0.5002415511343214,0.29206766022576225,0.004110699260814322
1712268671.502059,-0.7709802521599664,0.37894517183303833,0.0629632133576605
1712268671.503078,-0.991283721394009,0.45601394441392684,0.12041447891129388
1712268671.5040972,-1.156248648961385,0.47598176532321507,0.15929917494455972
1712268671.5051162,-1.2662253114912245,0.473879873752594,0.17961730559666952
1712268671.5061352,-1.317711141374376,0.4787842432657877,0.201687001519733
1712268671.5071545,-1.3117570347256131,0.4658226834403144,0.21044481131765577
1712268671.5081735,-1.2592204411824544,0.4188808136516147,0.18802480565177068
1712268671.5091927,-1.150995095570882,0.3677351607216729,0.13722947902149624
1712268671.5102117,-0.989882747332255,0.31939201884799534,0.09694353573852114
1712268671.511231,-0.7842895057466295,0.23251450724071926,0.04264508270555072
1712268671.51225,-0.5380679170290629,0.16735636525683933,-0.014453039815028507
1712268671.5132692,-0.25857316123114693,0.10605166355768839,-0.054731108248233795
1712268671.5142882,0.04544758548339208,0.006913200227750672,-0.10971942709551917
1712268671.5153072,0.3516207800971137,-0.10446576608551873,-0.17241310742166308
1712268671.5163264,0.6511380275090536,-0.2011331253581577,-0.22284825642903644
1712268671.5173454,0.9194774760140313,-0.2823897533946567,-0.24106095234553018
1712268671.5183647,1.1352700657314725,-0.3717019822862413,-0.2606746223237779
1712268671.5193837,1.291509469350179,-0.425289339489407,-0.28098877933290267
1712268671.520403,1.3825907972123888,-0.4624151852395799,-0.28694291909535724
1712268671.521422,1.407462888293796,-0.510748889711168,-0.2981507447030809
1712268671.522441,1.3629731867048476,-0.5135508378346761,-0.29534879657957286
1712268671.5234601,1.2512234846750896,-0.4732727673318651,-0.26802973614798653
1712268671.5244792,1.0718634393480089,-0.4186346795823839,-0.23825900422202215
1712268671.5254984,0.8399565352333916,-0.35173806879255504,-0.22705119517114428
1712268671.5265174,0.5677636464436849,-0.24071070883009169,-0.2130414214399126
1712268671.5275366,0.26649483376079136,-0.11532333162095812,-0.17346383796797857
1712268671.5285556,-0.05333013004726834,0.00866476291169723,-0.13528724511464438
1712268671.5295749,-0.3710014952553643,0.16455387075742087,-0.08485209610727099
1712268671.5305939,-0.66030310259925,0.30362794796625775,-0.025310605350467894
1712268671.5316129,-0.907225145234002,0.3985626829995049,0.016021327012115054
1712268671.532632,-1.1019608709547255,0.47037674321068657,0.05595696055226856
1712268671.533651,-1.230150196287367,0.5358851949373881,0.10324916077984704
1712268671.5346704,-1.301249795489841,0.5632095866733127,0.16245199574364555
1712268671.5356894,-1.316310167312622,0.5519995755619472,0.18697387642330593
1712268671.5367086,-1.2753317091200087,0.5393883254792955,0.2020373112625546
1712268671.5377276,-1.1839179197947185,0.47843393352296615,0.1974832514921824
1712268671.5387468,-1.0462720526589286,0.3796457913186815,0.1659551097287072
1712268671.5397658,-0.8672973182466295,0.29872357845306396,0.13337604701519012
1712268671.5407848,-0.6469938490125868,0.20624106129010517,0.10044665800200568
1712268671.541804,-0.3951683309343126,0.09309009545379214,0.043345710469616786
1712268671.542823,-0.12022674911552005,-0.031614998976389565,-0.04562476028998693
1712268671.5438423,0.1775154305828942,-0.12933309707376692,-0.12197796669271257
1712268671.5448613,0.4735295640097724,-0.23930973476833767,-0.18642288115289476
1712268671.5458806,0.7478243112564087,-0.32827172014448375,-0.25086778733465404
1712268671.5468996,0.987438162167867,-0.36819954713185626,-0.2897448672188653
1712268671.5479186,1.1780081854926214,-0.4112795657581753,-0.3198658757739597
1712268671.5489378,1.3083244694603813,-0.4575117760234409,-0.3520883123079936
1712268671.5499568,1.3808392153845892,-0.46451667944590247,-0.36749906010097927
1712268671.550976,1.387495067384508,-0.4392990801069471,-0.3436824679374695
1712268671.551995,1.322336991628011,-0.41513224442799884,-0.3055058585272895
1712268671.5530143,1.1920207076602511,-0.3692502776781718,-0.27223267489009434
1712268671.5540333,1.0053040583928425,-0.2900951107343038,-0.22740143868658277
1712268671.5550525,0.7688430945078532,-0.2305536303255293,-0.18782385521464878
1712268671.5560715,0.48719174332088894,-0.1552511586083306,-0.1485965152581533
1712268671.5570905,0.17471293608347574,-0.045274516774548426,-0.08905502657095592
1712268671.5581098,-0.1531496975156996,0.0671669633852111,-0.03196524249182807
1712268671.5591288,-0.47782593303256565,0.1621016694439782,0.005511949873632855
1712268671.560148,-0.7660767767164443,0.25878795319133335,0.019524453414811026
1712268671.561167,-1.0028417905171711,0.3579264216952854,0.05350477579567167
1712268671.5621862,-1.1821667353312175,0.4153776831097073,0.08047884537114038
1712268671.5632052,-1.29879805776808,0.4805358250935872,0.10570135381486681
1712268671.5642242,-1.3478321499294705,0.5358851949373881,0.13582823177178702
1712268671.5652435,-1.3380253314971924,0.5379870865080092,0.14458604984813267
1712268671.5662625,-1.2749813662634955,0.5092614558007982,0.13267541925112405
1712268671.5672817,-1.154497464497884,0.47563145558039344,0.12216604418224758
1712268671.5683007,-0.9849793381161159,0.43044113450580174,0.1277710414595074
1712268671.56932,-0.7755333847469753,0.34286297029919094,0.10640197330050997
1712268671.570339,-0.5296620726585388,0.25598545869191486,0.06891852865616481
1712268671.5713582,-0.2522687613964081,0.14318479432000053,0.024779143018854987
1712268671.5723772,0.042294772962729134,-0.014102796299590005,-0.03932036873367097
1712268671.5733962,0.34251266055636936,-0.14719554119639927,-0.1027145485083262
1712268671.5744154,0.6266161468293932,-0.2592736482620239,-0.14649505416552225
1712268671.5754344,0.8777903185950385,-0.3706512517399258,-0.19272726443078783
1712268671.5764537,1.0816722446017795,-0.46942008866204155,-0.2564716835816701
1712268671.5774727,1.2389625443352592,-0.5205557081434462,-0.3160131639904446
1712268671.578492,1.3370500670539007,-0.548925499121348,-0.3436824679374695
1712268671.579511,1.368928485446506,-0.5576815870073106,-0.36434686846203274
1712268671.5805302,1.3342475891113281,-0.502693255742391,-0.35909321573045516
1712268671.5815492,1.2407141261630588,-0.4270405570665995,-0.33632732099956936
1712268671.5825682,1.0855256848865085,-0.35489026043150157,-0.3205663628048367
1712268671.5835874,0.8791915575663248,-0.26417705747816295,-0.29079559776518077
1712268671.5846064,0.6290683481428359,-0.14054089784622192,-0.23650777008798388
1712268671.5856256,0.34181204107072616,-0.02145792254143291,-0.15420042806201512
1712268671.5866446,0.030384144435326256,0.08678447041246626,-0.09045600063270992
1712268671.587664,-0.2806385358174642,0.2111454473601447,-0.02320914218823115
1712268671.588683,-0.5744932757483588,0.29416951868269176,0.03668977154625787
1712268671.589702,-0.83402415116628,0.34461451901329887,0.07872728010018666
1712268671.5907211,-1.0508252514733207,0.40416767199834186,0.1253188567029105
1712268671.5917401,-1.2070340580410428,0.4469058248731825,0.16910793052779302
1712268671.5927594,-1.3086048762003581,0.4574151833852132,0.18732418616612753
1712268671.5937784,-1.3478321499294705,0.4455045527882046,0.1680569847424825
1712268671.5947976,-1.3240155908796523,0.4427020748456319,0.15124198463228014
1712268671.5958166,-1.2441599369049072,0.40626956356896293,0.1316244817442364
1712268671.5968359,-1.1135188738505046,0.3719389107492235,0.0979944732454088
1712268671.5978549,-0.9338437186347114,0.3509201606114705,0.07487383981545766
1712268671.5988739,-0.7082865635553995,0.28891483942667645,0.0380910187959671
1712268671.599893,-0.44630398352940875,0.19433043069309658,-0.020407189925511677
1712268671.600912,-0.15420042806201512,0.09694353573852114,-0.07819746103551653
1712268671.6019313,0.15544573465983072,0.005862262203461594,-0.11006967061095767
1712268671.6029503,0.458466112613678,-0.11462284459008111,-0.1384394367535909
1712268671.6039696,0.7418690125147501,-0.22810192571745977,-0.18151945537990993
1712268671.6049886,0.9926928414238824,-0.31741417116589016,-0.2154931260479821
1712268671.6060076,1.1906194686889648,-0.4270405570665995,-0.2526190049118466
1712268671.6070268,1.3251394695705838,-0.5125001072883606,-0.28519170151816475
1712268671.6080458,1.3927498128679063,-0.5426210827297634,-0.2914960847960578
1712268671.609065,1.3895969920688205,-0.5468240049150255,-0.2911458412806193
1712268671.610084,1.3153306643168132,-0.541570352183448,-0.2971000141567654
1712268671.6111033,1.1829125881195068,-0.49148546324835884,-0.31040926774342853
1712268671.6121223,0.9968965583377414,-0.40602591302659774,-0.2921965718269348
1712268671.6131415,0.760435594452752,-0.31251072883605957,-0.2690804832511478
1712268671.6141605,0.4805358250935872,-0.17311359445254007,-0.2288024127483368
1712268671.6151795,0.1736619902981652,-0.010950599486629168,-0.16821018523640102
1712268671.6161988,-0.1384394367535909,0.12146541641818152,-0.1142726010746426
1712268671.6172178,-0.44455276595221627,0.23882013228204516,-0.06663940432998869
1712268671.618237,-0.7166924079259237,0.35442329115337795,-0.0102501114209493
1712268671.619256,-0.9447013007269965,0.454612672328949,0.06996946202384101
1712268671.6202753,-1.1226252714792888,0.5005036460028754,0.1302232344945272
1712268671.6212943,-1.2424087524414062,0.5414902170499166,0.17120980554156834
1712268671.6223135,-1.303351190355089,0.5432417657640245,0.20273793074819776
1712268671.6233325,-1.30510237481859,0.49559927648968166,0.2037888765335083
1712268671.6243515,-1.2567687034606934,0.45286112361484104,0.19538137647840711
1712268671.6253707,-1.1604515711466472,0.40907204151153564,0.1897763709227244
1712268671.6263897,-1.0179022947947185,0.3397101495001051,0.16490418050024244
1712268671.627409,-0.8347246381971571,0.24757794207996792,0.10324916077984704
1712268671.628428,-0.6025128232108222,0.16525449024306402,0.030384144435326256
1712268671.6294472,-0.33702780803044635,0.06751727726724413,-0.03021402284502983
1712268671.6304662,-0.04702573849095239,-0.040721346934636436,-0.09956234859095679
1712268671.6314852,0.25423389342096114,-0.1128716187344657,-0.1513984633816613
1712268671.6325045,0.5534008476469252,-0.18712336818377176,-0.19657995965745714
1712268671.6335235,0.8241924974653456,-0.2834404839409722,-0.2533194919427236
1712268671.6345427,1.0589018795225356,-0.36329613791571724,-0.30340439743465847
1712268671.6355617,1.241414811876085,-0.40637615654203624,-0.3233683109283447
1712268671.636581,1.3573682308197021,-0.44140054119957817,-0.31391170289781356
1712268671.6376,1.4015075895521376,-0.46451667944590247,-0.31356145938237506
1712268671.6386192,1.3808392153845892,-0.44595374001397026,-0.29920147524939644
1712268671.6396382,1.2946622901492648,-0.4305429922209846,-0.2844912144872877
1712268671.6406572,1.1447285281287298,-0.4088278611501058,-0.265578031539917
1712268671.6416764,0.9331396553251479,-0.3384288152058919,-0.22565020455254448
1712268671.6426954,0.6746090120739406,-0.24596436156166923,-0.1762658026483324
1712268671.6437147,0.37088798152075875,-0.1485965152581533,-0.13493700159920585
1712268671.6447337,0.04509727160135905,-0.047375982006390885,-0.1121711317035887
1712268671.645753,-0.27643559707535637,0.08643416066964467,-0.07784721752007802
1712268671.646772,-0.5793966849644979,0.1936298112074534,-0.034767194754547544
1712268671.6477911,-0.8462827073203193,0.30572983953687877,0.0013081985525786877
1712268671.6488101,-1.0623832543690999,0.4293901721636454,0.054555713302559324
1712268671.6498291,-1.2168408764733207,0.5026055044598049,0.09764416350258721
1712268671.6508484,-1.306153138478597,0.5341336462232802,0.11761197613345252
1712268671.6518674,-1.3359239366319444,0.5519995755619472,0.13092385398017034
1712268671.6528866,-1.302300426695082,0.5607573853598701,0.1599997944302029
1712268671.6539056,-1.221394141515096,0.5246752169397142,0.1799676153394911
1712268671.6549249,-1.0921540525224473,0.46862519449657863,0.1677066749996609
1712268671.6559439,-0.91703196366628,0.4055689109696282,0.15089167488945854
1712268671.6569629,-0.7012816270192465,0.28436077965630424,0.11060572332806057
1712268671.657982,-0.4526083668073018,0.15124198463228014,0.050351959135797285
1712268671.659001,-0.17661604616377088,0.03844133267800013,0.003760386672284868
1712268671.6600204,0.11410885386996798,-0.08064916564358605,-0.04667549497551388
1712268671.6610394,0.40241612328423393,-0.21374190847078958,-0.11567357513639662
1712268671.6620586,0.6784624523586696,-0.3219673368665907,-0.2018336123890347
1712268671.6630776,0.9271843565834893,-0.4035742084185282,-0.25822291771570843
1712268671.6640968,1.1279135280185275,-0.4806278811560737,-0.3121604853206211
1712268671.6651158,1.2715416484408908,-0.5030434992578294,-0.344032711452908
1712268671.6661348,1.3524638281928167,-0.4858815670013428,-0.35103758176167804
1712268671.667154,1.3713807529873319,-0.4718717932701111,-0.35874297221501666
1712268671.668173,1.3265407085418701,-0.44665422704484725,-0.3608444333076477
1712268671.6691923,1.2210966481102836,-0.38185907734764946,-0.3373780846595764
1712268671.6702113,1.0536472002665203,-0.2978005011876424,-0.27713608410623336
1712268671.6712306,0.8315490351782905,-0.22039655182096693,-0.22249801291359794
1712268671.6722496,0.5635599295298258,-0.1118208881881502,-0.16610872414377
1712268671.6732686,0.266144507461124,-0.007798403191069761,-0.10691747069358826
1712268671.6742878,-0.048076469037267894,0.06436446474658118,-0.05963452574279573
1712268671.6753068,-0.36434686846203274,0.15859855545891655,-0.010950599486629168
1712268671.676326,-0.6613538000318739,0.25318294763565063,0.046848836872312755
1712268671.677345,-0.9212349520789253,0.329551100730896,0.09449135098192427
1712268671.6783643,-1.1271784040662978,0.3796457913186815,0.11165666083494821
1712268671.6793833,-1.2672760751512315,0.4328933027055528,0.11761197613345252
1712268671.6804025,-1.3408272796207004,0.4588164554701911,0.1316244817442364
1712268671.6814215,-1.3548370202382405,0.4616189334127638,0.1277710414595074
1712268671.6824405,-1.3082546657986112,0.48403895563549465,0.1302232344945272
1712268671.6834598,-1.2056330839792888,0.4787842432657877,0.13267541925112405
1712268671.6844788,-1.056779358122084,0.4223839441935221,0.10745291080739763
1712268671.685498,-0.8588914738761054,0.35547422038184273,0.0650650883714358
1712268671.686517,-0.6179235378901163,0.28786391019821167,0.032836331261528864
1712268671.6875362,-0.3429819809065925,0.1915279361936781,0.014620076657997238
1712268671.6885552,-0.049127203722794846,0.06926884253819783,-0.0323154880768723
1712268671.6895745,0.25703638792037964,-0.04002085576454798,-0.07924819158183204
1712268671.6905935,0.5555027061038547,-0.17451458507113987,-0.13073407113552094
1712268671.6916125,0.8262943559222751,-0.3195156322585212,-0.1902755598227183
1712268671.6926317,1.0518956846661038,-0.41408151388168335,-0.2284521692328983
1712268671.6936507,1.2238991260528564,-0.48342982927958167,-0.2547204660044776
1712268671.69467,1.3303942150539823,-0.5380679170290629,-0.28519170151816475
1712268671.695689,1.3720813062455919,-0.5688893795013428,-0.3251195285055372
1712268671.6967082,1.3542154100206163,-0.5457732743687099,-0.3384288152058919
1712268671.6977272,1.272942887412177,-0.5153020554118686,-0.33492634693781537
1712268671.6987462,1.130365663104587,-0.44210102823045516,-0.3244190414746602
1712268671.6997654,0.9303371773825752,-0.31426194641325206,-0.28589218854904175
1712268671.7007844,0.6875705718994141,-0.19622971614201862,-0.24106095234553018
1712268671.7018037,0.40872173176871407,-0.08029892212814754,-0.20043263832728067
1712268671.7028227,0.10570135381486681,0.0440463340944714,-0.1531496975156996
1712268671.703842,-0.20078288184271917,0.1876744959089491,-0.07854770455095503
1712268671.704861,-0.5009420381651984,0.29101669788360596,0.0013081985525786877
1712268671.7058802,-0.7664270533455743,0.3852507803175184,0.06016071471903059
1712268671.7068992,-0.989532536930508,0.4654723736974928,0.12041447891129388
1712268671.7079182,-1.1579999658796523,0.47563145558039344,0.15299354990323386
1712268671.7089374,-1.2669258647494845,0.47633207506603664,0.1701588597562578
1712268671.7099564,-1.31981266869439,0.4819370640648736,0.1957316862212287
1712268671.7109756,-1.316310167312622,0.4616189334127638,0.20869324604670206
1712268671.7119946,-1.2616721789042156,0.4097726609971788,0.18417136536704168
1712268671.713014,-1.151695516374376,0.3596779704093933,0.1316244817442364
1712268671.714033,-0.988832049899631,0.30818204085032147,0.09309009545379214
1712268671.715052,-0.7821880446539985,0.2276101377275255,0.0440463340944714
1712268671.7160711,-0.5359664559364319,0.16525449024306402,-0.008148647223909697
1712268671.7170901,-0.2547204660044776,0.10289885103702545,-0.05333013004726834
1712268671.7181094,0.04860039800405502,0.002359136318167051,-0.11322187052832709
1712268671.7191284,0.3558245301246643,-0.10726771420902675,-0.17696628967920938
1712268671.7201476,0.6518386469946967,-0.19693020317289564,-0.22389898697535196
1712268671.7211666,0.9152737591001723,-0.2795878052711487,-0.24106095234553018
1712268671.7221859,1.130015320248074,-0.36854979064729476,-0.266979005601671
1712268671.7232049,1.2862547238667805,-0.42318787839677596,-0.28659267557991874
1712268671.7242239,1.3815397686428494,-0.4666181405385335,-0.2939477894041273
1712268671.725243,1.4085139168633354,-0.5163527859581841,-0.30445512798097396
1712268671.726262,1.3633235295613606,-0.5177537600199381,-0.30095269282658893
1712268671.7272813,1.249121692445543,-0.4820288552178277,-0.27573511004447937
1712268671.7283003,1.0725641250610352,-0.42388836542765296,-0.24911656975746155
1712268671.7293196,0.8413577742046779,-0.3538395298851861,-0.23720827367570665
1712268671.7303386,0.5705661243862575,-0.23685801360342237,-0.2193458212746514
1712268671.7313578,0.26649483376079136,-0.11637406216727363,-0.17731653319464788
1712268671.7323768,-0.0550813517636723,0.005161637026402685,-0.1394901672999064
1712268671.7333958,-0.3699507647090488,0.16945824027061462,-0.08310087853007846
1712268671.734415,-0.6575011544757419,0.30958327982160777,-0.01795548117823071
1712268671.735434,-0.904773473739624,0.4034670525126987,0.025830080525742635
1712268671.7364533,-1.0974076721403334,0.47843393352296615,0.06366384112172656
1712268671.7374723,-1.2280486689673529,0.5407895975642734,0.1158604191409217
1712268671.7384915,-1.29879805776808,0.5660120646158854,0.17050918605592516
1712268671.7395105,-1.315609746509128,0.5555027061038547,0.19257886542214286
1712268671.7405295,-1.2739307350582547,0.5414902170499166,0.20659137103292677
1712268671.7415488,-1.1839179197947185,0.47843393352296615,0.19923481676313612
1712268671.7425678,-1.0476730267206829,0.38104703028996784,0.1642035444577535
1712268671.743587,-0.8672973182466295,0.3050292200512356,0.13092385398017034
1712268671.744606,-0.6483948230743408,0.2160498168733385,0.09309009545379214
1712268671.7456253,-0.3976200355423821,0.10044665800200568,0.036339457664224833
1712268671.7466443,-0.12127747966183557,-0.022858898672792647,-0.049127203722794846
1712268671.7476635,0.17541355556911892,-0.12337894075446658,-0.12267845372358957
1712268671.7486825,0.47072705295350814,-0.23650777008798388,-0.18572239412201774
1712268671.7497015,0.7422193553712633,-0.3237185544437832,-0.24771559569570753
1712268671.7507207,0.9807821777131822,-0.3660980860392253,-0.2820395098792182
1712268671.7517397,1.176256603664822,-0.41478200091256034,-0.3118102418051826
1712268671.752759,1.3097257084316678,-0.4585625065697564,-0.3443829549683465
1712268671.753778,1.3815397686428494,-0.4732727673318651,-0.3608444333076477
1712268671.7547972,1.3857434855567083,-0.44210102823045516,-0.34088051981396145
1712268671.7558162,1.3202350669436984,-0.41898492309782237,-0.306556589073605
1712268671.7568352,1.1920207076602511,-0.36469711197747123,-0.2788873182402717
1712268671.7578545,1.0046034389071994,-0.28589218854904175,-0.23475655251079136
1712268671.7588735,0.764639311366611,-0.23195460438728333,-0.19622971614201862
1712268671.7598927,0.481586754322052,-0.1534999410311381,-0.15630188915464613
1712268671.7609117,0.16665574577119616,-0.04177207748095194,-0.09535941812727186
1712268671.761931,-0.16120529837078518,0.0650650883714358,-0.036518416470951505
1712268671.76295,-0.4848308033413357,0.16035012072987026,-9.303357930750483e-05
1712268671.7639692,-0.7727314366234673,0.26018920871946544,0.01987476522723834
1712268671.7649882,-1.0066945023006864,0.3540729814105564,0.05735821194118924
1712268671.7660072,-1.1842682626512315,0.40802111228307086,0.08328134814898173
1712268671.7670264,-1.297397083706326,0.4728289445241292,0.10920447607835133
1712268671.7680454,-1.3485327031877306,0.5267770753966438,0.14073260956340367
1712268671.7690647,-1.3376751210954454,0.5281783474816216,0.14633761511908636
1712268671.7700837,-1.2704282336764865,0.5050577057732476,0.1340766665008333
1712268671.771103,-1.1467920409308539,0.4808861348364088,0.12286666366789076
1712268671.772122,-0.9779744678073459,0.4342945416768392,0.13057354423734877
1712268671.7731411,-0.7734319236543443,0.34251266055636936,0.10605166355768839
1712268671.7741601,-0.5279108550813463,0.2556351323922475,0.06611602587832345
1712268671.7751791,-0.24911656975746155,0.1400319900777605,0.020575390921698675
1712268671.7761984,0.04544758548339208,-0.016554505046870973,-0.042822808027267456
1712268671.7772174,0.34076111184226143,-0.1513984633816613,-0.1006130791372723
1712268671.7782366,0.62591552734375,-0.266979005601671,-0.14684529768096075
1712268671.7792556,0.8763890133963691,-0.3762551479869419,-0.19868142075008816
1712268671.7802749,1.0820225212309096,-0.4760747154553731,-0.26487754450904
1712268671.7812939,1.2396632300482855,-0.5251088738441467,-0.31671368413501316
1712268671.7823129,1.337750752766927,-0.5611840221616957,-0.344733198483785
1712268671.783332,1.368928485446506,-0.5639859702852037,-0.36854979064729476
1712268671.784351,1.3349482748243544,-0.4995410641034444,-0.36294589440027875
1712268671.7853703,1.2400135729047987,-0.4270405570665995,-0.3391293022367689
1712268671.7863894,1.0851753420299954,-0.3601439462767707,-0.3202161192893982
1712268671.7874086,0.8781405952241685,-0.2673292491171095,-0.29044535424974227
1712268671.7884276,0.6304695871141222,-0.1436931060420142,-0.23160436087184483
1712268671.7894468,0.34181204107072616,-0.02250865308774842,-0.14929700228903028
1712268671.7904658,0.030734456247753568,0.08573353290557861,-0.08835453954007891
1712268671.7914848,-0.2795878052711487,0.20939388208919102,-0.021107676956388686
1712268671.792504,-0.5723918146557277,0.28646263811323375,0.03528852015733719
1712268671.793523,-0.831922690073649,0.3400604592429267,0.07452353007263607
1712268671.7945423,-1.0483735137515597,0.40136516094207764,0.12251635392506917
1712268671.7955613,-1.2063336372375488,0.4469058248731825,0.1659551097287072
1712268671.7965806,-1.3096556398603652,0.4532114333576626,0.18066825138198003
1712268671.7975996,-1.3485327031877306,0.44830706384446883,0.16105074021551344
1712268671.7986186,-1.3219141960144043,0.4511095749007331,0.15194260411792332
1712268671.7996378,-1.2417081991831462,0.4178298513094584,0.1361785415146086
1712268671.8006568,-1.1124682426452637,0.38244830237494576,0.1078032288286421
1712268671.801676,-0.9310417705112033,0.3575761119524638,0.08363165789180331
1712268671.802695,-0.7058348258336385,0.29416951868269176,0.04754946049716737
1712268671.8037143,-0.4438522789213392,0.19678261544969347,-0.006747670575148529
1712268671.8047333,-0.1513984633816613,0.0979944732454088,-0.06313696503639221
1712268671.8057525,0.16105074021551344,0.005511949873632855,-0.09535941812727186
1712268671.8067715,0.46827488475375706,-0.11357211404376559,-0.13038382762008244
1712268671.8077905,0.7509771320554945,-0.2179448472128974,-0.17416434155570135
1712268671.8088098,0.998998483022054,-0.3111097547743055,-0.21129020386272007
1712268671.8098288,1.195173528459337,-0.425989826520284,-0.2543702224890391
1712268671.810848,1.330043872197469,-0.502693255742391,-0.29079559776518077
1712268671.811867,1.3927498128679063,-0.5328142642974854,-0.2985009882185194
1712268671.8128862,1.387495067384508,-0.5387684040599399,-0.2971000141567654
1712268671.8139052,1.3118276331159804,-0.5321137772666084,-0.305155615011851
1712268671.8149245,1.180110110176934,-0.48307958576414317,-0.31706392765045166
1712268671.8159435,0.9933934609095255,-0.40007174015045166,-0.29464827643500435
1712268671.8169625,0.7558815346823798,-0.31251072883605957,-0.2673292491171095
1712268671.8179817,0.4766823848088582,-0.17206286390622458,-0.22424923049079046
1712268671.8190007,0.17261106106970045,-0.010600355971190665,-0.1626062724325392
1712268671.82002,-0.1398404108153449,0.11691135664780934,-0.11252137521902719
1712268671.821039,-0.4428015483750237,0.23566732803980509,-0.06593891729911168
1712268671.8220582,-0.7138904598024156,0.3558245301246643,-0.005696938476628727
1712268671.8230772,-0.9429500500361124,0.4504089223013984,0.07242165505886078
1712268671.8240962,-1.1261276404062908,0.49980302651723224,0.12461822893884447
1712268671.8251154,-1.2438097265031602,0.5435920755068461,0.1677066749996609
1712268671.8261344,-1.303701400756836,0.5463945865631104,0.1960819959640503
1712268671.8271537,-1.307554112540351,0.4973508252037896,0.19538137647840711
1712268671.8281727,-1.2599209944407146,0.4549630151854621,0.18872544169425964
1712268671.829192,-1.1618525452084012,0.4104733135965135,0.18417136536704168
1712268671.830211,-1.0228057040108574,0.33795860078599715,0.15824824571609497
1712268671.8312302,-0.8385773499806721,0.24127231703864202,0.09379072321785821
1712268671.8322492,-0.6067157453960842,0.16175135970115662,0.02442882913682196
1712268671.8332682,-0.3377283281750149,0.06121165222591824,-0.03441695123910904
1712268671.8342874,-0.04667549497551388,-0.04247256451182895,-0.10096332265271081
1712268671.8353064,0.2545842031637828,-0.11357211404376559,-0.1506979763507843
1712268671.8363256,0.5534008476469252,-0.1923770209153493,-0.19693020317289564
1712268671.8373446,0.8259440130657619,-0.28589218854904175,-0.2547204660044776
1712268671.838364,1.0582012600368924,-0.36364638143115574,-0.30060244931115043
1712268671.839383,1.241765022277832,-0.4028737213876512,-0.31671368413501316
1712268671.8404021,1.3580689165327284,-0.4399995671378242,-0.30830780665079754
1712268671.8414211,1.4050107532077365,-0.4610142111778259,-0.31356145938237506
1712268671.8424401,1.383641693327162,-0.44245127174589366,-0.30025220579571194
1712268671.8434594,1.2964138719770644,-0.43299469682905406,-0.2823897533946567
1712268671.8444784,1.1461297671000164,-0.4179341925515069,-0.266979005601671
1712268671.8454976,0.9366428189807467,-0.34228149387571544,-0.2309038738409678
1712268671.8465166,0.6746090120739406,-0.24911656975746155,-0.18081896834903294
1712268671.8475358,0.36983705229229397,-0.15420042806201512,-0.14299261901113722
1712268671.8485548,0.04474695771932602,-0.04422378622823291,-0.12337894075446658
1712268671.8495739,-0.27643559707535637,0.08923665516906314,-0.08450185259183247
1712268671.850593,-0.582198699315389,0.19888449046346876,-0.042822808027267456
1712268671.851612,-0.8522368139690822,0.31168513827853733,-9.303357930750483e-05
1712268671.8526313,-1.066586242781745,0.4342945416768392,0.05735821194118924
1712268671.8536503,-1.217541429731581,0.5061086350017123,0.0997460385163625
1712268671.8546696,-1.306153138478597,0.5341336462232802,0.11866291364034016
1712268671.8556886,-1.3313706715901692,0.5512989560763041,0.13652885953585306
1712268671.8567078,-1.299148268169827,0.56040710873074,0.1740123000409868
1712268671.8577268,-1.219642824596829,0.5169683363702562,0.1915279361936781
1712268671.8587458,-1.0914535654915702,0.4658226834403144,0.17716512084007263
1712268671.859765,-0.9173822402954102,0.39716141091452706,0.15474511517418754
1712268671.860784,-0.7005811399883694,0.2763035727871789,0.11165666083494821
1712268671.8618033,-0.4494561751683553,0.153694169388877,0.05245383828878403
1712268671.8628223,-0.17346383796797857,0.043345710469616786,0.004811324696573946
1712268671.8638415,0.11621072888374329,-0.07574574814902411,-0.05192915598551432
1712268671.8648605,0.40101485119925606,-0.2060365511311425,-0.12477992309464349
1712268671.8658795,0.6763605276743571,-0.31286097235149807,-0.20673703816201952
1712268671.8668988,0.9247321552700466,-0.39656930499606663,-0.2592736482620239
1712268671.8679178,1.125461260477702,-0.4764249589708116,-0.3111097547743055
1712268671.868937,1.272242334153917,-0.49603862894905937,-0.34228149387571544
1712268671.869956,1.35351472430759,-0.4809781246715122,-0.344733198483785
1712268671.8709753,1.372431649102105,-0.47817617654800415,-0.35103758176167804
1712268671.8719943,1.3286426332261827,-0.45085714923010933,-0.3524385558234321
1712268671.8730135,1.2242494689093695,-0.38711273007922703,-0.32687074608272976
1712268671.8740325,1.0575006405512493,-0.30480537149641246,-0.2687302397357093
1712268671.8750515,0.8333006170060899,-0.22740143868658277,-0.21829509072833592
1712268671.8760707,0.5663624074723985,-0.11497308810551961,-0.164707750082016
1712268671.8770897,0.26684514350361294,-0.014102796299590005,-0.11041991412639618
1712268671.878109,-0.05192915598551432,0.06121165222591824,-0.06769013901551564
1712268671.879128,-0.3699507647090488,0.15894886520173815,-0.015854016981191106
1712268671.8801472,-0.665906998846266,0.26053951846228707,0.04369602021243837
1712268671.8811662,-0.9261383612950642,0.3344554702440898,0.08748509817653231
1712268671.8821855,-1.1324320899115667,0.38104703028996784,0.0997460385163625
1712268671.8832045,-1.2714789973364935,0.433593922191196,0.10850384831428528
1712268671.8842235,-1.3450302018059623,0.4553133249282837,0.1260194761885537
1712268671.8852427,-1.3583395216200087,0.45986738469865585,0.12461822893884447
1712268671.8862617,-1.313508219189114,0.4819370640648736,0.1316244817442364
1712268671.887281,-1.2087852425045438,0.4693258139822218,0.1302232344945272
1712268671.8883,-1.059231095843845,0.4185305039087931,0.10149759550889333
1712268671.8893192,-0.8613432115978664,0.3498692313830058,0.0629632133576605
1712268671.8903382,-0.6161723534266154,0.28436077965630424,0.03388726876841651
1712268671.8913572,-0.34123076332939994,0.18802480565177068,0.01391945199833976
1712268671.8923764,-0.04772622552182939,0.07172102729479472,-0.033366220692793526
1712268671.8933954,0.25598545869191486,-0.034066707723670535,-0.076446243458324
1712268671.8944147,0.5523498853047689,-0.1780170202255249,-0.12898285355832842
1712268671.8954337,0.8252433935801188,-0.3205663628048367,-0.19097604685359532
1712268671.896453,1.052596304151747,-0.4126805398199293,-0.2284521692328983
1712268671.897472,1.2224978870815701,-0.48763278457853526,-0.2557711965507931
1712268671.8984911,1.3303942150539823,-0.5440220567915175,-0.28729316261079574
1712268671.8995101,1.3727819919586182,-0.5709908405939738,-0.3314239117834303
1712268671.9005291,1.3556166489919026,-0.5468240049150255,-0.347535146607293
1712268671.9015484,1.272242334153917,-0.5156522989273071,-0.34543368551466197
1712268671.9025674,1.1307160059611003,-0.4350961579216851,-0.3310736682679918
1712268671.9035866,0.9327893786960177,-0.31040926774342853,-0.29044535424974227
1712268671.9046056,0.6889718108707004,-0.1920267773999108,-0.24666484859254625
1712268671.9056249,0.4066198733117845,-0.08134965267446306,-0.20428531699710423
1712268671.9066439,0.10500072605080074,0.04895071188608805,-0.1538501845465766
1712268671.9076629,-0.20078288184271917,0.18802480565177068,-0.06944135659270816
1712268671.908682,-0.4988405770725674,0.28891483942667645,0.007263512557579411
1712268671.909701,-0.7685285144382052,0.3831489218605889,0.0671669633852111
1712268671.9107203,-0.988131562868754,0.454612672328949,0.12286666366789076
1712268671.9117393,-1.154847674899631,0.4696761237250434,0.15544573465983072
1712268671.9127586,-1.2644741270277235,0.47177801529566443,0.17296137081252203
1712268671.9137776,-1.317711141374376,0.4770326945516798,0.1960819959640503
1712268671.9147968,-1.314909193250868,0.45951707495583427,0.1995851265059577
1712268671.9158158,-1.2623725997077093,0.4104733135965135,0.1736619902981652
1712268671.9168348,-1.151695516374376,0.3691364328066508,0.12321698168913522
1712268671.917854,-0.988481773270501,0.3169398506482442,0.08888634542624156
1712268671.918873,-0.7832387420866225,0.2360176377826267,0.036339457664224833
1712268671.9198923,-0.5373674299981859,0.1778657403257158,-0.011651087552309036
1712268671.9209113,-0.2568219270971086,0.10990510384241739,-0.05087842129998737
1712268671.9219306,0.04649852299027973,0.002359136318167051,-0.10761795772446527
1712268671.9229496,0.35442329115337795,-0.10691747069358826,-0.16961115929815504
1712268671.9239688,0.6535902288224962,-0.20043263832728067,-0.21374190847078958
1712268671.9249878,0.9187768565283881,-0.28554194503360325,-0.22985314329465228
1712268671.9260068,1.13316814104716,-0.37800636556413436,-0.2543702224890391
1712268671.927026,1.291159126493666,-0.4263400700357225,-0.27573511004447937
1712268671.928045,1.3850429322984483,-0.4715215497546726,-0.2886941366725498
1712268671.9290643,1.410966051949395,-0.5198552211125692,-0.30305415391921997
1712268671.9300833,1.3640242152743869,-0.5142513248655531,-0.2985009882185194
1712268671.9311025,1.2508731418185763,-0.4715215497546726,-0.2746843794981639
1712268671.9321215,1.0732647445466783,-0.4175839490360684,-0.25051754381921554
1712268671.9331405,0.8403068780899048,-0.346834659576416,-0.2417614393764072
1712268671.9341598,0.5674133698145548,-0.2305536303255293,-0.22074679533640543
1712268671.9351788,0.26439295874701607,-0.11147064467271169,-0.1780170202255249
1712268671.936198,-0.054731108248233795,0.01391945199833976,-0.1373887062072754
1712268671.937217,-0.36890003416273326,0.1740123000409868,-0.076446243458324
1712268671.9382362,-0.6553996933831109,0.306430459022522,-0.015153527880708376
1712268671.9392552,-0.9023217360178629,0.39716141091452706,0.02793195553951793
1712268671.9402745,-1.0946057240168254,0.4710773958100213,0.06751727726724413
1712268671.9412935,-1.223145325978597,0.5386877059936523,0.12181572616100311
1712268671.9423125,-1.2956457667880588,0.5572542879316542,0.17576386531194052
1712268671.9433317,-1.31210724512736,0.5523498853047689,0.1957316862212287
1712268671.9443507,-1.2728799713982475,0.5421908365355598,0.21009450157483417
1712268671.94537,-1.1814663145277235,0.4731792542669508,0.19923481676313612
1712268671.946389,-1.0452213552263048,0.38174768288930255,0.1642035444577535
1712268671.9474082,-0.8679978052775065,0.30292732848061454,0.13267541925112405
1712268671.9484272,-0.6483948230743408,0.21289699607425266,0.09309009545379214
1712268671.9494462,-0.4014727473258972,0.09729384548134273,0.03318664514356189
1712268671.9504654,-0.12477992309464349,-0.02425987480415238,-0.056132082309987806
1712268671.9514844,0.1715601152843899,-0.12267845372358957,-0.12933309707376692
1712268671.9525037,0.46687361266877914,-0.24141119586096868,-0.19447848200798035
1712268671.9535227,0.741518669658237,-0.32301806741290623,-0.25401997897360057
1712268671.954542,0.9811325205696954,-0.36364638143115574,-0.2879936496416728
1712268671.955561,1.1731037828657362,-0.41618297497431433,-0.3198658757739597
1712268671.9565802,1.3086748123168945,-0.4599634806315104,-0.3524385558234321
1712268671.9575992,1.3825907972123888,-0.466968384053972,-0.36504735549290973
1712268671.9586182,1.387495067384508,-0.4435020354059007,-0.33632732099956936
1712268671.9596374,1.3202350669436984,-0.41898492309782237,-0.30375464095009697
1712268671.9606564,1.1902691258324516,-0.36504735549290973,-0.27363364895184833
1712268671.9616756,1.0028518570793998,-0.2925468153423733,-0.2305536303255293
1712268671.9626946,0.764639311366611,-0.23895949125289917,-0.1916765338844723
1712268671.963714,0.48228737380769515,-0.15805310673183864,-0.1513984633816613
1712268671.964733,0.1701588597562578,-0.047375982006390885,-0.09500917461183336
1712268671.9657521,-0.15875359376271567,0.06646633976035647,-0.04177207748095194
1712268671.9667711,-0.47992739412519664,0.15894886520173815,-0.0120013321025504
1712268671.9677901,-0.7664270533455743,0.2633420129617055,0.00796413773463832
1712268671.9688094,-1.0035422775480483,0.3568754924668206,0.04474695771932602
1712268671.9698284,-1.1828672885894775,0.4136261012819078,0.06821790503131019
1712268671.9708476,-1.300549242231581,0.48403895563549465,0.09764416350258721
1712268671.9718666,-1.3478321499294705,0.5379870865080092,0.13267541925112405
1712268671.9728858,-1.3348731729719374,0.5369361572795444,0.14143322904904684
1712268671.9739048,-1.2686770492129855,0.5131148960855272,0.13582823177178702
1712268671.9749238,-1.1464418305291069,0.4843892653783162,0.12882197896639505
1712268671.975943,-0.9776241911782159,0.43044113450580174,0.13863073454962835
1712268671.976962,-0.7709802521599664,0.33900953001446194,0.11410885386996798
1712268671.9779813,-0.5275606115659078,0.25598545869191486,0.07732603285047743
1712268671.9790003,-0.25016730030377704,0.13687916927867466,0.02933320485883289
1712268671.9800196,0.047199146615134344,-0.020056944340467453,-0.03861988170279397
1712268671.9810386,0.34566548135545516,-0.14719554119639927,-0.09781113101376428
1712268671.9820578,0.62556525071462,-0.2599741352929009,-0.14439359307289124
1712268671.9830768,0.8746374977959527,-0.37345319986343384,-0.20008239481184217
1712268671.9840958,1.0809716251161363,-0.4673186275694105,-0.27188243137465584
1712268671.985115,1.2382619910769992,-0.5153020554118686,-0.3237185544437832
1712268671.986134,1.333547035853068,-0.547174248430464,-0.34998685121536255
1712268671.9871533,1.3657757971021864,-0.5492757426367866,-0.3699507647090488
1712268671.9881723,1.3307444254557292,-0.4911352197329203,-0.3622454073694017
1712268671.9891915,1.2372109625074599,-0.4263400700357225,-0.33982978926764595
1712268671.9902105,1.0844747225443523,-0.35909321573045516,-0.31811465819676715
1712268671.9912298,0.8809431393941243,-0.2697809702820248,-0.28624243206448025
1712268671.9922488,0.6318708260854086,-0.1436931060420142,-0.22389898697535196
1712268671.9932678,0.34566548135545516,-0.03091451194551256,-0.14334286252657572
1712268671.994287,0.032836331261528864,0.08328134814898173,-0.07959843509727053
1712268671.995306,-0.2795878052711487,0.2037888765335083,-0.014102796299590005
1712268671.9963253,-0.5716913276248508,0.28050733937157524,0.038791646560033165
1712268671.9973443,-0.8343744277954102,0.3355063994725545,0.07732603285047743
1712268671.9983635,-1.0497744878133137,0.3978620635138618,0.1260194761885537
1712268671.9993825,-1.2077346112993028,0.44445362355973983,0.1659551097287072
1712268672.0004015,-1.3110566139221191,0.4553133249282837,0.17856637636820474
1712268672.0014207,-1.3495834668477376,0.44830706384446883,0.157547609673606
1712268672.0024397,-1.3254165649414062,0.4469058248731825,0.14703823460472953
1712268672.003459,-1.2448604901631672,0.4076708025402493,0.12812135948075187
1712268672.004478,-1.1145696375105116,0.377543932861752,0.09939572049511804
1712268672.0054972,-0.9366456667582194,0.3547736008961995,0.07557446757952373
1712268672.0065162,-0.7110885116789076,0.28330981731414795,0.03563883403937022
1712268672.0075355,-0.4484054446220398,0.1876744959089491,-0.01970670082502895
1712268672.0085545,-0.15244919392797682,0.09379072321785821,-0.07084233065446217
1712268672.0095735,0.15929917494455972,0.0006075733755197789,-0.09816137452920277
1712268672.0105927,0.46372082498338485,-0.12407943606376648,-0.13353601925902897
1712268672.0116117,0.7460727294286092,-0.22705119517114428,-0.1780170202255249
1712268672.012631,0.9930431180530124,-0.3205663628048367,-0.21164044737815857
1712268672.01365,1.1899187829759386,-0.4340454273753696,-0.2522687613964081
1712268672.0146692,1.3230375448862712,-0.512149863772922,-0.2830902404255337
1712268672.0156882,1.3906478881835938,-0.540169378121694,-0.2914960847960578
1712268672.0167072,1.384342246585422,-0.548225012090471,-0.29079559776518077
1712268672.0177264,1.3107766045464408,-0.5426210827297634,-0.305856102042728
1712268672.0187454,1.179409424463908,-0.48658205403221977,-0.3191653887430827
1712268672.0197647,0.9940940803951687,-0.4021732343567742,-0.29920147524939644
1712268672.0207837,0.7583336697684394,-0.3076073196199205,-0.2746843794981639
1712268672.021803,0.47983520560794407,-0.1629565159479777,-0.23160436087184483
1712268672.022822,0.17436260978380838,-0.007798403191069761,-0.17136237687534756
1712268672.0238411,-0.1387896802690294,0.12216604418224758,-0.12092723614639705
1712268672.0248601,-0.44455276595221627,0.23636794752544826,-0.07224331299463908
1712268672.0258791,-0.7145909468332926,0.3547736008961995,-0.007798403191069761
1712268672.0268984,-0.9418993526034884,0.45181019438637626,0.07732603285047743
1712268672.0279174,-1.1208740870157878,0.4991023739178975,0.13127417200141483
1712268672.0289366,-1.2396068043178983,0.5432417657640245,0.1778657403257158
1712268672.0299556,-1.300549242231581,0.5379870865080092,0.2072920070754157
1712268672.0309749,-1.303000979953342,0.4885930154058668,0.20659137103292677
1712268672.0319939,-1.2557180722554524,0.45286112361484104,0.20098638203408983
1712268672.033013,-1.1587003866831462,0.4076708025402493,0.1950310667355855
1712268672.034032,-1.0193032688564725,0.3330542312728034,0.16280230548646715
1712268672.035051,-0.8343744277954102,0.24512575732337102,0.0916888482040829
1712268672.0360703,-0.6014621257781982,0.1701588597562578,0.02337789162993431
1712268672.0370893,-0.33492634693781537,0.07207134531603919,-0.038970125218232475
1712268672.0381086,-0.045975007944636874,-0.02846280319823159,-0.10516625311639574
1712268672.0391276,0.2545842031637828,-0.09886186156007978,-0.15630188915464613
1712268672.0401468,0.5534008476469252,-0.18151945537990993,-0.2032345864507887
1712268672.0411658,0.8234918117523193,-0.2816892663637797,-0.25787265764342415
1712268672.0421848,1.0599528418646917,-0.35839272869957817,-0.3027039104037815
1712268672.043204,1.241414811876085,-0.4007722602950202,-0.31391170289781356
1712268672.044223,1.3587694697909884,-0.44210102823045516,-0.30375464095009697
1712268672.0452423,1.4060616493225098,-0.4624151852395799,-0.30410488446553546
1712268672.0462613,1.384342246585422,-0.44700447056028575,-0.29079559776518077
1712268672.0472806,1.2974647680918376,-0.44245127174589366,-0.27678584059079486
1712268672.0482996,1.1482315593295627,-0.4172337055206299,-0.26207559638553196
1712268672.0493188,0.9387446774376763,-0.342631737391154,-0.22319849994447497
1712268672.0503378,0.6770612133873833,-0.24771559569570753,-0.17521507210201687
1712268672.0513568,0.3705376717779371,-0.15209895041253832,-0.14019065433078343
1712268672.052376,0.046848836872312755,-0.03967061224910948,-0.12407943606376648
1712268672.053395,-0.2785370747248332,0.09624290797445509,-0.0866033136844635
1712268672.0544143,-0.582198699315389,0.1999354362487793,-0.04492427325910992
1712268672.0554333,-0.8497851424747043,0.3197423285908169,-0.004646206378108925
1712268672.0564525,-1.064134505059984,0.4388486345609029,0.05245383828878403
1712268672.0574715,-1.2150896920098198,0.500853955745697,0.0920391579469045
1712268672.0584905,-1.3068536917368572,0.5285286572244432,0.11340822610590193
1712268672.0595098,-1.3348731729719374,0.5453436573346456,0.13127417200141483
1712268672.0605288,-1.300899452633328,0.5519995755619472,0.16665574577119616
1712268672.061548,-1.221394141515096,0.5096117655436198,0.182419800096088
1712268672.062567,-1.0911032888624403,0.4616189334127638,0.17261106106970045
1712268672.0635862,-0.915630989604526,0.39435893297195435,0.15334385964605543
1712268672.0646052,-0.7019821140501235,0.2689470185173882,0.10640197330050997
1712268672.0656245,-0.4519078797764248,0.14914010961850485,0.051402900781896375
1712268672.0666435,-0.17696628967920938,0.03844133267800013,0.004811324696573946
1712268672.0676625,0.11060572332806057,-0.08485209610727099,-0.05192915598551432
1712268672.0686817,0.3968111011717054,-0.21829509072833592,-0.125830653640959
1712268672.0697007,0.6739083925882975,-0.3209166063202752,-0.20988922980096605
1712268672.07072,0.922280020183987,-0.40392445193396675,-0.2659282750553555
1712268672.071739,1.1237096786499023,-0.4771254460016886,-0.31811465819676715
1712268672.0727582,1.2697900666130912,-0.49148546324835884,-0.3478853901227315
1712268672.0737772,1.35281417104933,-0.4809781246715122,-0.35489026043150157
1712268672.0747964,1.372431649102105,-0.47397325436274207,-0.3657478425237867
1712268672.0758154,1.3275916046566434,-0.4498064186837938,-0.3657478425237867
1712268672.0768344,1.222147544225057,-0.38115859031677246,-0.3373780846595764
1712268672.0778537,1.0550484392378066,-0.30060244931115043,-0.2708317008283403
1712268672.0788727,0.8343515131208632,-0.22249801291359794,-0.2189955777592129
1712268672.079892,0.5656617879867554,-0.10936918358008066,-0.16120529837078518
1712268672.080911,0.2636923227045271,-0.01725499311255084,-0.10166380968358782
1712268672.0819302,-0.051578912470075816,0.057708525823222265,-0.056132082309987806
1712268672.0829492,-0.36819954713185626,0.157547609673606,-0.002894986213909255
1712268672.0839682,-0.6627547740936279,0.2556351323922475,0.05595696055226856
1712268672.0849874,-0.9205344650480483,0.3285001715024312,0.09729384548134273
1712268672.0860064,-1.1278789573245578,0.37894517183303833,0.10500072605080074
1712268672.0870256,-1.2665755218929715,0.4349951942761739,0.1120069788561927
1712268672.0880446,-1.3404770692189534,0.4581158028708564,0.1239176011747784
1712268672.089064,-1.3534360461764865,0.4672239555252923,0.12146541641818152
1712268672.090083,-1.3068536917368572,0.49419800440470374,0.12812135948075187
1712268672.0911021,-1.2035316891140408,0.47948489586512244,0.1253188567029105
1712268672.0921211,-1.0543276866277058,0.42378518316480845,0.09764416350258721
1712268672.0931401,-0.8560895257525973,0.35932766066657174,0.05840914944807688
1712268672.0941594,-0.6144211027357314,0.29101669788360596,0.0380910187959671
1712268672.0951784,-0.34158100684483844,0.1859229306379954,0.016371639859345224
1712268672.0961976,-0.0484267125527064,0.06926884253819783,-0.027412070582310356
1712268672.0972166,0.25913826293415493,-0.041071590450074934,-0.07154282596376207
1712268672.0982358,0.5558530489603678,-0.18922482927640277,-0.1275818712181515
1712268672.0992548,0.8259440130657619,-0.32757123311360675,-0.18922482927640277
1712268672.1002738,1.0539975431230333,-0.41933516661326087,-0.22670095165570575
1712268672.101293,1.2245998117658827,-0.48798302809397376,-0.2557711965507931
1712268672.102312,1.3310947683122423,-0.546473761399587,-0.2918463283114963
1712268672.1033313,1.3745335737864177,-0.5681888924704658,-0.33492634693781537
1712268672.1043503,1.3549160957336426,-0.5457732743687099,-0.347535146607293
1712268672.1053696,1.2736435731252034,-0.5132005943192376,-0.34998685121536255
1712268672.1063886,1.130015320248074,-0.4270405570665995,-0.33492634693781537
1712268672.1074078,0.9324390358395046,-0.30410488446553546,-0.2928970588578118
1712268672.1084268,0.6896724303563436,-0.19482874208026463,-0.25051754381921554
1712268672.1094458,0.40837142202589244,-0.08064916564358605,-0.20953898628552753
1712268672.110465,0.10570135381486681,0.046848836872312755,-0.15700237618552312
1712268672.111484,-0.19973215129640368,0.18557262089517382,-0.07294380002551608
1712268672.1125033,-0.49743960301081336,0.2819085783428616,0.0034100740837554135
1712268672.1135223,-0.7650260792838203,0.3796457913186815,0.062262589732805886
1712268672.1145415,-0.987781286239624,0.45216050412919784,0.12111510667535993
1712268672.1155605,-1.157299412621392,0.4591667652130127,0.15334385964605543
1712268672.1165798,-1.2693774700164795,0.4693258139822218,0.17120980554156834
1712268672.1175988,-1.3205132219526503,0.47913455300860935,0.1974832514921824
1712268672.1186178,-1.316310167312622,0.4581158028708564,0.20624106129010517
1712268672.119637,-1.2613219685024686,0.4097726609971788,0.17646448479758367
1712268672.120656,-1.152045726776123,0.36633392175038654,0.12812135948075187
1712268672.1216753,-0.9909335109922621,0.31518826882044476,0.09063791069719526
1712268672.1226943,-0.7856904798083835,0.23496669199731615,0.03704008128907945
1712268672.1237135,-0.5366669429673089,0.17821605006853738,-0.0102501114209493
1712268672.1247325,-0.2550707095199161,0.11060572332806057,-0.05122866895463731
1712268672.1257515,0.04754946049716737,0.0034100740837554135,-0.11252137521902719
1712268672.1267707,0.3558245301246643,-0.10726771420902675,-0.17731653319464788
1712268672.1277897,0.6532399521933662,-0.19482874208026463,-0.22144728236728245
1712268672.128809,0.9173756175571017,-0.2823897533946567,-0.23545703954166836
1712268672.129828,1.130365663104587,-0.3699507647090488,-0.26207559638553196
1712268672.1308472,1.288356648551093,-0.41898492309782237,-0.2788873182402717
1712268672.1318662,1.3811894257863362,-0.4718717932701111,-0.29044535424974227
1712268672.1328855,1.4064119921790228,-0.5237078997823927,-0.3020034233729045
1712268672.1339045,1.3598203659057617,-0.5177537600199381,-0.29464827643500435
1712268672.1349235,1.2459688716464572,-0.4816786117023892,-0.2690804832511478
1712268672.1359427,1.0666087600919936,-0.42458885245853,-0.24491363101535374
1712268672.1369617,0.8389055728912354,-0.3520883123079936,-0.23720827367570665
1712268672.137981,0.5674133698145548,-0.2312541173564063,-0.21619362963570488
1712268672.139,0.26474326848983765,-0.11742479271358913,-0.1783672637409634
1712268672.1400192,-0.054030621217356786,0.01321882630387942,-0.14299261901113722
1712268672.1410382,-0.36890003416273326,0.1799676153394911,-0.08485209610727099
1712268672.1420572,-0.6578513648774889,0.31133482853571576,-0.023559385703669652
1712268672.1430764,-0.9037227100796169,0.4027664330270555,0.01812320202589035
1712268672.1440954,-1.0970574617385864,0.4787842432657877,0.057708525823222265
1712268672.1451147,-1.225947274102105,0.5411399073070949,0.1158604191409217
1712268672.1461337,-1.29879805776808,0.5611077282163832,0.1698085500134362
1712268672.147153,-1.315259536107381,0.5530505379041036,0.193980120950275
1712268672.148172,-1.2732301817999945,0.5337833364804586,0.21009450157483417
1712268672.1491911,-1.1832174989912245,0.4616189334127638,0.20028574599160087
1712268672.1502101,-1.0490740007824368,0.36808547046449447,0.16525449024306402
1712268672.1512291,-0.8683480819066365,0.2938192089398702,0.13582823177178702
1712268672.1522484,-0.6508464945687188,0.20098638203408983,0.09659322599569956
1712268672.1532674,-0.4011225038104587,0.08538322316275702,0.03178539375464121
1712268672.1542866,-0.12337894075446658,-0.02846280319823159,-0.0557818387945493
1712268672.1553056,0.17506324582629734,-0.1254804101255205,-0.1254804101255205
1712268672.1563249,0.46827488475375706,-0.23825900422202215,-0.19482874208026463
1712268672.1573439,0.7436205943425497,-0.3146121899286906,-0.25366973545816207
1712268672.158363,0.9832343790266249,-0.3569917215241326,-0.28694291909535724
1712268672.159382,1.1776578426361084,-0.40987859169642127,-0.3216170933511522
1712268672.160401,1.3093753655751545,-0.45541031493080986,-0.3524385558234321
1712268672.1614203,1.3825907972123888,-0.466267897023095,-0.36504735549290973
1712268672.1624393,1.3860938284132216,-0.4435020354059007,-0.33667756451500785
1712268672.1634586,1.3198847240871854,-0.42774104409747654,-0.3055058585272895
1712268672.1644776,1.1906194686889648,-0.36749906010097927,-0.2739838924672868
1712268672.1654968,1.003202199935913,-0.2978005011876424,-0.2302033868100908
1712268672.1665158,0.7677921321656969,-0.24946681327290005,-0.19587947262658012
1712268672.1675348,0.48684143357806736,-0.16120529837078518,-0.1552511586083306
1712268672.168554,0.16945824027061462,-0.048076469037267894,-0.09185697469446394
1712268672.169573,-0.15980432430903116,0.05981040083699756,-0.03932036873367097
1712268672.1705923,-0.4820288552178277,0.15684699018796286,-0.008849135289589563
1712268672.1716113,-0.7664270533455743,0.2622910837332408,0.011467264137334293
1712268672.1726305,-1.0021413034862943,0.3519710898399353,0.050351959135797285
1712268672.1736495,-1.1814663145277235,0.4132757915390862,0.0759247773223453
1712268672.1746688,-1.297747294108073,0.48824270566304523,0.10640197330050997
1712268672.1756878,-1.3460809654659696,0.5355348851945665,0.13582823177178702
1712268672.1767068,-1.3334721989101834,0.5330827169948154,0.14108291930622524
1712268672.177726,-1.2655248906877306,0.5099620752864413,0.13232510950830248
1712268672.178745,-1.1446906460656059,0.485440194606781,0.12812135948075187
1712268672.1797643,-0.980075928899977,0.4311417539914449,0.13302572899394566
1712268672.1807833,-0.7748328977160983,0.34286297029919094,0.10605166355768839
1712268672.1818025,-0.5282610985967848,0.25808733370569015,0.07067008978790706
1712268672.1828215,-0.24771559569570753,0.1337263567580117,0.026180392338169944
1712268672.1838408,0.04754946049716737,-0.02250865308774842,-0.03861988170279397
1712268672.1848598,0.34181204107072616,-0.14929700228903028,-0.09605990515814887
1712268672.1858788,0.6238136688868204,-0.26417705747816295,-0.14019065433078343
1712268672.186898,0.8732362588246663,-0.37380344337887234,-0.1923770209153493
1712268672.187917,1.0806212822596233,-0.4722220367855496,-0.26172535287009346
1712268672.1889362,1.2403637833065457,-0.5188044905662537,-0.3114599982897441
1712268672.1899552,1.3363495137956407,-0.5576815870073106,-0.34193125036027694
1712268672.1909745,1.3671770360734727,-0.5541791518529257,-0.3657478425237867
1712268672.1919935,1.3349482748243544,-0.48728254106309676,-0.3573419650395711
1712268672.1930125,1.241064469019572,-0.42388836542765296,-0.34053027629852295
1712268672.1940317,1.0893791251712375,-0.35173806879255504,-0.3244190414746602
1712268672.1950507,0.8833952744801838,-0.25752241412798565,-0.2911458412806193
1712268672.19607,0.6343230273988512,-0.13423651456832886,-0.2263506915834215
1712268672.197089,0.3432132800420125,-0.024610118319590885,-0.14964724580446878
1712268672.1981082,0.032135705567068525,0.0860838426484002,-0.0887047830555174
1712268672.1991272,-0.2795878052711487,0.2097441918320126,-0.02250865308774842
1712268672.2001464,-0.5734425783157349,0.277704828315311,0.03528852015733719
1712268672.2011654,-0.8364758888880411,0.3288504812452528,0.07662540508641137
1712268672.2021844,-1.0515257385041978,0.3947092427147759,0.12496853868166605
1712268672.2032037,-1.2115871906280518,0.4349951942761739,0.16455387075742087
1712268672.2042227,-1.31210724512736,0.44130080276065403,0.17506324582629734
1712268672.205242,-1.3506340980529785,0.4398995637893677,0.15544573465983072
1712268672.206261,-1.3233151700761583,0.44130080276065403,0.14563697907659742
1712268672.2072802,-1.2438097265031602,0.40837142202589244,0.12251635392506917
1712268672.2082992,-1.1135188738505046,0.38595143291685313,0.09484166072474585
1712268672.2093182,-0.9345442056655884,0.36213017172283596,0.07417322032981448
1712268672.2103374,-0.7093372609880235,0.29276827971140545,0.03248601944910155
1712268672.2113564,-0.4477049575911628,0.19678261544969347,-0.023909629219108157
1712268672.2123756,-0.1513984633816613,0.10359947052266863,-0.0750452611181471
1712268672.2133946,0.16035012072987026,0.006562887380520502,-0.09956234859095679
1712268672.214414,0.46266986264122856,-0.11847553153832753,-0.1373887062072754
1712268672.215433,0.7446714904573228,-0.2193458212746514,-0.17941799428727892
1712268672.2164521,0.9933934609095255,-0.3209166063202752,-0.21374190847078958
1712268672.2174711,1.1930716037750244,-0.4392990801069471,-0.2550707095199161
1712268672.2184901,1.3272413942548964,-0.5086474286185371,-0.28484145800272626
1712268672.2195094,1.3902976777818468,-0.540169378121694,-0.29079559776518077
1712268672.2205284,1.383641693327162,-0.5475244919459025,-0.2935975458886888
1712268672.2215476,1.3100760512881808,-0.5377176735136244,-0.30830780665079754
1712268672.2225666,1.1825622452629936,-0.47782593303256565,-0.3149624334441291
1712268672.2235858,0.9961959388520982,-0.3979702790578206,-0.2918463283114963
1712268672.2246048,0.7583336697684394,-0.3069068325890435,-0.2673292491171095
1712268672.225624,0.48018551535076565,-0.15910383727815416,-0.22354874345991346
1712268672.226643,0.17471293608347574,-0.002894986213909255,-0.165408237112893
1712268672.227662,-0.1394901672999064,0.11971385114722781,-0.11532333162095812
1712268672.2286813,-0.4396493236223856,0.23882013228204516,-0.06804038253095415
1712268672.2297003,-0.7096875376171535,0.3600282801522149,-0.003945718312429057
1712268672.2307196,-0.9394476148817275,0.44620517227384776,0.0759247773223453
1712268672.2317386,-1.1226252714792888,0.49419800440470374,0.1260194761885537
1712268672.2327578,-1.2431091732449002,0.5376367767651876,0.16910793052779302
1712268672.2337768,-1.301600005891588,0.5344839559661018,0.19292919172181022
1712268672.2347958,-1.30580292807685,0.4875420861774021,0.193980120950275
1712268672.235815,-1.2578194671207004,0.4511095749007331,0.19433043069309658
1712268672.236834,-1.1615023348066542,0.40591925382614136,0.18662355012363857
1712268672.2378533,-1.0235061910417345,0.3320032689306471,0.15544573465983072
1712268672.2388723,-0.8396280474132961,0.24022138781017727,0.08888634542624156
1712268672.2398915,-0.6060152583652072,0.16350292497211033,0.02793195553951793
1712268672.2409105,-0.3377283281750149,0.05946008695496453,-0.0323154880768723
1712268672.2419298,-0.045274516774548426,-0.03686865998639001,-0.09851161804464129
1712268672.2429488,0.2556351323922475,-0.1006130791372723,-0.14824627174271476
1712268672.2439678,0.5537511573897468,-0.18817409873008728,-0.19798093371921116
1712268672.244987,0.8273452520370483,-0.2837907274564107,-0.2568219270971086
1712268672.246006,1.0613540808359783,-0.3615449203385247,-0.30340439743465847
1712268672.2470253,1.2449178430769179,-0.3990210096041361,-0.3149624334441291
1712268672.2480443,1.3584191269344754,-0.44140054119957817,-0.30970878071255153
1712268672.2490635,1.402558618121677,-0.45646104547712535,-0.3118102418051826
1712268672.2500825,1.3804888725280762,-0.43859859307607013,-0.29464827643500435
1712268672.2511015,1.295012633005778,-0.4399995671378242,-0.2802882923020257
1712268672.2521207,1.14542908138699,-0.4175839490360684,-0.26382681396272445
1712268672.2531397,0.9359421994951036,-0.34158100684483844,-0.22144728236728245
1712268672.254159,0.672507087389628,-0.25366973545816207,-0.17276335093710157
1712268672.255178,0.3666842314932081,-0.16015456782446966,-0.14019065433078343
1712268672.2561972,0.04474695771932602,-0.04492427325910992,-0.11987650560008155
1712268672.2572162,-0.27608535355991787,0.08678447041246626,-0.07924819158183204
1712268672.2582355,-0.5786961979336208,0.1922285556793213,-0.03932036873367097
1712268672.2592545,-0.8487343788146973,0.3137870298491584,0.004811324696573946
1712268672.2602735,-1.061332556936476,0.433593922191196,0.05700790219836765
1712268672.2612927,-1.21579024526808,0.5005036460028754,0.09238946768972608
1712268672.2623117,-1.30580292807685,0.5306305156813728,0.11235728859901428
1712268672.263331,-1.3299696975284152,0.5544517768753899,0.13302572899394566
1712268672.26435,-1.299148268169827,0.5586555269029405,0.17120980554156834
1712268672.2653692,-1.220693588256836,0.5134652058283488,0.18277012639575535
1712268672.2663882,-1.0935550265842013,0.46477175421184963,0.17050918605592516
1712268672.2674074,-0.9208846754497951,0.38945453034506905,0.14668792486190796
1712268672.2684264,-0.7019821140501235,0.2657941977183024,0.10219822327295938
1712268672.2694454,-0.45470982789993286,0.1477388540903727,0.0500016493929757
1712268672.2704647,-0.17731653319464788,0.03493820627530416,0.004461011849343777
1712268672.2714837,0.11025541358523898,-0.085552583138148,-0.05333013004726834
1712268672.272503,0.3957601719432407,-0.2189955777592129,-0.13318577574359045
1712268672.273522,0.6739083925882975,-0.31811465819676715,-0.2144423955016666
1712268672.2745411,0.9233309162987603,-0.4028737213876512,-0.26487754450904
1712268672.2755601,1.1233594682481554,-0.4771254460016886,-0.3156629204750061
1712268672.2765791,1.268038484785292,-0.48763278457853526,-0.3429819809065925
1712268672.2775984,1.3521134853363037,-0.47887666357888115,-0.35033709473080105
1712268672.2786174,1.3710304101308186,-0.4750239849090576,-0.3608444333076477
1712268672.2796366,1.3272413942548964,-0.44560349649853176,-0.3604941897922092
1712268672.2806556,1.2231985727945964,-0.37835660907957286,-0.3286219636599223
1712268672.2816749,1.0560994015799627,-0.30340439743465847,-0.2697809702820248
1712268672.2826939,0.8315490351782905,-0.22459947400622898,-0.22004630830552843
1712268672.283713,0.5670630269580417,-0.11252137521902719,-0.165408237112893
1712268672.284732,0.2689470185173882,-0.01830572469366921,-0.1121711317035887
1712268672.285751,-0.04877696020735635,0.05560665080944697,-0.06733989550007714
1712268672.2867703,-0.3660980860392253,0.15894886520173815,-0.013402308233910136
1712268672.2877893,-0.6631050507227579,0.2612401379479302,0.04649852299027973
1712268672.2888086,-0.9229861365424262,0.3327039215299818,0.09238946768972608
1712268672.2898276,-1.1292799313863118,0.3803464108043247,0.10009634825918409
1712268672.2908468,-1.2658751010894775,0.4370970527331034,0.11270759834183587
1712268672.2918658,-1.3397766484154594,0.4574151833852132,0.12742073171668583
1712268672.2928848,-1.3534360461764865,0.46862519449657863,0.13127417200141483
1712268672.293904,-1.306153138478597,0.49069487386279637,0.14073260956340367
1712268672.294923,-1.2031813462575276,0.4731792542669508,0.13547792202896541
1712268672.2959423,-1.0543276866277058,0.4181801941659715,0.1039497885439131
1712268672.2969613,-0.8553890387217203,0.3537226716677348,0.06401415086454815
1712268672.2979805,-0.6123196416431003,0.29101669788360596,0.0440463340944714
1712268672.2989995,-0.3380785716904534,0.18452167510986328,0.016371639859345224
1712268672.3000188,-0.043523299197355904,0.07417322032981448,-0.033366220692793526
1712268672.3010378,0.2573866976632012,-0.03511743826998605,-0.07714673048920101
1712268672.3020568,0.5541014671325684,-0.18397115998797947,-0.13633797566095987
1712268672.303076,0.8248931169509888,-0.31846490171220565,-0.19412823849254185
1712268672.304095,1.0515453418095906,-0.4102288352118598,-0.2302033868100908
1712268672.3051143,1.2207463052537706,-0.4851810799704658,-0.2550707095199161
1712268672.3061333,1.3254898124270968,-0.547874735461341,-0.2921965718269348
1712268672.3071525,1.3699795140160453,-0.5709908405939738,-0.3335253728760613
1712268672.3081715,1.35281417104933,-0.5506767166985406,-0.3436824679374695
1712268672.3091908,1.2708409627278645,-0.5219566822052002,-0.3429819809065925
1712268672.3102098,1.1265122890472412,-0.43229420979817706,-0.32546977202097577
1712268672.3112288,0.9303371773825752,-0.307957563135359,-0.28484145800272626
1712268672.312248,0.6886214680141872,-0.19903166426552665,-0.24561411804623073
1712268672.313267,0.40907204151153564,-0.08485209610727099,-0.20813801222377354
1712268672.3142862,0.10815353857146369,0.052804148031605616,-0.1513984633816613
1712268672.3153052,-0.19903166426552665,0.18347074588139853,-0.06698965198463863
1712268672.3163245,-0.4988405770725674,0.28716325759887695,0.004461011849343777
1712268672.3173435,-0.7678280274073283,0.38490047057469684,0.06541540225346883
1712268672.3183625,-0.989882747332255,0.44900768333011204,0.11866291364034016
1712268672.3193817,-1.157649623023139,0.4602176944414774,0.14914010961850485
1712268672.3204007,-1.2693774700164795,0.470026433467865,0.17296137081252203
1712268672.32142,-1.318761905034383,0.4735295640097724,0.19818387097782558
1712268672.322439,-1.318411694632636,0.4535617431004842,0.20308825704786512
1712268672.3234582,-1.2644741270277235,0.40031423171361286,0.1715601152843899
1712268672.3244772,-1.15309649043613,0.3628307912084791,0.12566916644573212
1712268672.3254964,-0.990583234363132,0.3053795297940572,0.0878354079193539
1712268672.3265154,-0.7849899927775065,0.23181388775507608,0.03493820627530416
1712268672.3275344,-0.5356162124209933,0.1813688708676232,-0.009549623355269432
1712268672.3285537,-0.2547204660044776,0.10885416633552975,-0.05017793426911036
1712268672.3295727,0.04754946049716737,0.002709448906696505,-0.11147064467271169
1712268672.330592,0.3540729814105564,-0.10516625311639574,-0.17241310742166308
1712268672.331611,0.6542908483081393,-0.1920267773999108,-0.2130414214399126
1712268672.3326302,0.9194774760140313,-0.28098877933290267,-0.2291526562637753
1712268672.3336492,1.13316814104716,-0.3706512517399258,-0.2599741352929009
1712268672.3346682,1.2908087836371527,-0.4175839490360684,-0.27818683120939464
1712268672.3356874,1.3832913504706488,-0.4743234978781806,-0.2939477894041273
1712268672.3367064,1.406762335035536,-0.5261596043904623,-0.31005902422799003
1712268672.3377256,1.3598203659057617,-0.5174035165044997,-0.3020034233729045
1712268672.3387446,1.2466694249047172,-0.4743234978781806,-0.27818683120939464
1712268672.3397639,1.0669591029485066,-0.4214366277058919,-0.2564716835816701
1712268672.3407829,0.8357527520921495,-0.347535146607293,-0.2522687613964081
1712268672.3418021,0.5670630269580417,-0.2302033868100908,-0.22354874345991346
1712268672.3428211,0.2633420129617055,-0.11602381865183511,-0.18221994241078696
1712268672.3438401,-0.054731108248233795,0.019174141602383718,-0.1384394367535909
1712268672.3448594,-0.3699507647090488,0.18312043613857693,-0.07539550463358562
1712268672.3458784,-0.6543489297231039,0.31063420905007255,-0.01550377243094974
1712268672.3468976,-0.9009207619561089,0.4017155037985908,0.02793195553951793
1712268672.3479166,-1.0914535654915702,0.4770326945516798,0.06996946202384101
1712268672.3489358,-1.218241850535075,0.5435920755068461,0.1277710414595074
1712268672.3499548,-1.2928438186645508,0.5586555269029405,0.17646448479758367
1712268672.350974,-1.3107062710656059,0.5562033255894979,0.19713294174936083
1712268672.351993,-1.2718292077382405,0.5386877059936523,0.20904355578952366
1712268672.353012,-1.1800653404659696,0.46477175421184963,0.1936298112074534
1712268672.3540313,-1.0448710785971747,0.3782445523473951,0.15964948468738133
1712268672.3550503,-0.8679978052775065,0.30292732848061454,0.12952260673046112
1712268672.3560696,-0.6511967711978488,0.2114957571029663,0.09063791069719526
1712268672.3570886,-0.4021732343567742,0.0941410329606798,0.025830080525742635
1712268672.3581078,-0.12302869723902808,-0.02075743344095018,-0.05998476925823423
1712268672.3591268,0.17191042502721152,-0.12092723614639705,-0.12407943606376648
1712268672.3601458,0.46652330292595756,-0.23825900422202215,-0.1906258033381568
1712268672.361165,0.7418690125147501,-0.31321121586693657,-0.24526387453079224
1712268672.362184,0.9849859608544244,-0.3566414780086941,-0.27783658769395614
1712268672.3632033,1.1787088712056477,-0.41618297497431433,-0.3146121899286906
1712268672.3642223,1.31427976820204,-0.4596132371160719,-0.34963660769992405
1712268672.3652415,1.3864441712697346,-0.46066396766238743,-0.35874297221501666
1712268672.3662605,1.3885460959540472,-0.4435020354059007,-0.3303731812371148
1712268672.3672798,1.3202350669436984,-0.42248739136589897,-0.3069068325890435
1712268672.3682988,1.1909698115454779,-0.36294589440027875,-0.2750346230136024
1712268672.3693178,1.0035525427924261,-0.2963995271258884,-0.23615752657254535
1712268672.370337,0.7635884152518378,-0.24806583921114603,-0.2032345864507887
1712268672.371356,0.47913455300860935,-0.16120529837078518,-0.16120529837078518
1712268672.3723752,0.1638532347149319,-0.049127203722794846,-0.09956234859095679
1712268672.3733943,-0.16821018523640102,0.05875946333010991,-0.04702573849095239
1712268672.3744135,-0.4886835151248508,0.15054136514663696,-0.01830572469366921
1712268672.3754325,-0.7720309495925903,0.25913826293415493,0.005511949873632855
1712268672.3764517,-1.0073949893315632,0.34461451901329887,0.0440463340944714
1712268672.3774707,-1.1860194471147325,0.4073204927974277,0.07067008978790706
1712268672.3784897,-1.299498478571574,0.48614081409242416,0.10359947052266863
1712268672.379509,-1.3474819395277235,0.5302802059385512,0.13722947902149624
1712268672.380528,-1.3348731729719374,0.5323820975091722,0.14178353879186842
1712268672.3815472,-1.2672760751512315,0.5099620752864413,0.13477729426489934
1712268672.3825662,-1.1439900928073459,0.4826376835505167,0.13337604701519012
1712268672.3835855,-0.9790251652399699,0.425887041621738,0.13933135403527153
1712268672.3846045,-0.7741324106852213,0.3362070189581977,0.10990510384241739
1712268672.3856235,-0.5293118291431003,0.2535332573784722,0.07382290230857001
1712268672.3866427,-0.2533194919427236,0.1260194761885537,0.02407851732439465
1712268672.3876617,0.042294772962729134,-0.029163290229108598,-0.042822808027267456
1712268672.388681,0.3400604592429267,-0.15209895041253832,-0.09921210507551828
1712268672.3897,0.6234633260303073,-0.26837997966342503,-0.14649505416552225
1712268672.3907192,0.8725356393390231,-0.38045810328589547,-0.2032345864507887
1712268672.3917382,1.0778188043170505,-0.4711713062392341,-0.2746843794981639
1712268672.3927574,1.2347588274214003,-0.5163527859581841,-0.3212668498357137
1712268672.3937764,1.3321456644270155,-0.5513772037294176,-0.35033709473080105
1712268672.3947954,1.3654254542456732,-0.5454230308532715,-0.36819954713185626
1712268672.3958147,1.3310947683122423,-0.4841303163104587,-0.3559409909778171
1712268672.3968337,1.2393128871917725,-0.4203858971595764,-0.3377283281750149
1712268672.397853,1.0862263043721516,-0.3555907474623786,-0.31706392765045166
1712268672.398872,0.883745617336697,-0.26207559638553196,-0.2837907274564107
1712268672.3998911,0.6343230273988512,-0.1391399237844679,-0.2144423955016666
1712268672.4009101,0.3453151716126336,-0.0323154880768723,-0.14159162839253744
1712268672.4019291,0.03248601944910155,0.08363165789180331,-0.08099940915902455
1712268672.4029484,-0.27818683120939464,0.19923481676313612,-0.01550377243094974
1712268672.4039674,-0.5699401431613498,0.2710488935311635,0.033536956955989204
1712268672.4049866,-0.8336739407645332,0.3313026494450039,0.07242165505886078
1712268672.4060056,-1.0494242774115667,0.39716141091452706,0.12181572616100311
1712268672.4070249,-1.2080848217010498,0.44130080276065403,0.15894886520173815
1712268672.4080439,-1.3117570347256131,0.4504089223013984,0.1680569847424825
1712268672.409063,-1.3492331239912245,0.45286112361484104,0.15019105540381536
1712268672.410082,-1.3229648272196453,0.4486573735872904,0.14528666933377585
1712268672.411101,-1.2434595161014133,0.40837142202589244,0.1260194761885537
1712268672.4121203,-1.1110672023561265,0.38840360111660427,0.10149759550889333
1712268672.4131393,-0.9324427445729573,0.3610792424943712,0.08328134814898173
1712268672.4141586,-0.7065353128645155,0.28330981731414795,0.041944459080696106
1712268672.4151776,-0.44210102823045516,0.1897763709227244,-0.015153527880708376
1712268672.4161968,-0.14509408010376823,0.09939572049511804,-0.06313696503639221
1712268672.4172158,0.16665574577119616,-0.0014940098238488038,-0.09010575711727142
1712268672.418235,0.4672239555252923,-0.125830653640959,-0.13178480168183646
1712268672.419254,0.7495758930842081,-0.22565020455254448,-0.17451458507113987
1712268672.420273,0.9968965583377414,-0.3251195285055372,-0.2147926390171051
1712268672.4212923,1.1927212609185112,-0.4403498106532627,-0.25787265764342415
1712268672.4223113,1.3254898124270968,-0.5086474286185371,-0.28729316261079574
1712268672.4233305,1.3902976777818468,-0.5345654818746779,-0.2921965718269348
1712268672.4243495,1.3804888725280762,-0.5461235178841485,-0.2974502576722039
1712268672.4253688,1.3076237837473552,-0.5394688910908169,-0.31356145938237506
1712268672.4263878,1.1776578426361084,-0.47992739412519664,-0.31846490171220565
1712268672.4274068,0.9937437375386555,-0.4035742084185282,-0.2963995271258884
1712268672.428426,0.756582154168023,-0.30900829368167454,-0.27293316192097133
1712268672.429445,0.47843393352296615,-0.15770286321640015,-0.2263506915834215
1712268672.4304643,0.1736619902981652,-0.009199378805028068,-0.165408237112893
1712268672.4314833,-0.13668821917639837,0.11445916361278957,-0.11917601856920454
1712268672.4325025,-0.43859859307607013,0.23391576276885137,-0.07084233065446217
1712268672.4335215,-0.7093372609880235,0.3572258022096422,-0.003245230246749189
1712268672.4345407,-0.9401481019126045,0.4434026943312751,0.07697571482923296
1712268672.4355597,-1.1212242974175346,0.49454831414752537,0.1263697942097982
1712268672.4365788,-1.2427589628431532,0.5418405267927382,0.1715601152843899
1712268672.437598,-1.304051743613349,0.5302802059385512,0.19713294174936083
1712268672.438617,-1.3086048762003581,0.48333833614985144,0.1960819959640503
1712268672.4396362,-1.2609716256459553,0.45005861255857676,0.19433043069309658
1712268672.4406552,-1.1653550465901692,0.40241612328423393,0.18697387642330593
1712268672.4416745,-1.0245569547017415,0.3277995189030965,0.15229293041759068
1712268672.4426935,-0.8406788110733032,0.24232326282395256,0.08328134814898173
1712268672.4437125,-0.6063655349943373,0.16875762078497145,0.020575390921698675
1712268672.4447317,-0.3384288152058919,0.06576571613550186,-0.041071590450074934
1712268672.4457507,-0.04772622552182939,-0.027412070582310356,-0.10586674014727274
1712268672.44677,0.2535332573784722,-0.09465893109639485,-0.1534999410311381
1712268672.447789,0.5502480268478394,-0.18572239412201774,-0.20253409941991168
1712268672.4488082,0.8217402961519029,-0.2823897533946567,-0.25787265764342415
1712268672.4498272,1.0575006405512493,-0.3541897734006246,-0.3013029363420274
1712268672.4508464,1.242115365134345,-0.3958688179651896,-0.30445512798097396
1712268672.4518654,1.3563173347049289,-0.4428015483750237,-0.30095269282658893
1712268672.4528844,1.4039598570929632,-0.4610142111778259,-0.3027039104037815
1712268672.4539037,1.3822404543558757,-0.4484054446220398,-0.2900951107343038
1712268672.4549227,1.2967642148335774,-0.45085714923010933,-0.2795878052711487
1712268672.455942,1.1464801099565294,-0.4175839490360684,-0.26312632693184745
1712268672.456961,0.9369930956098769,-0.34088051981396145,-0.22004630830552843
1712268672.4579802,0.6742586692174276,-0.24771559569570753,-0.17731653319464788
1712268672.4589992,0.3687860899501377,-0.15595164563920763,-0.14789602822727627
1712268672.4600184,0.04439664797650443,-0.03686865998639001,-0.13108431465095943
1712268672.4610374,-0.2785370747248332,0.0916888482040829,-0.0866033136844635
1712268672.4620564,-0.5797469615936279,0.20028574599160087,-0.0484267125527064
1712268672.4630756,-0.8480338917838203,0.3277995189030965,-0.00044327766065382294
1712268672.4640946,-1.0620330439673529,0.4420014222462972,0.05595696055226856
1712268672.4651139,-1.2133385075463188,0.49805144468943274,0.09309009545379214
1712268672.4661329,-1.306503348880344,0.5299298961957296,0.11621072888374329
1712268672.467152,-1.3303200403849285,0.5509486463334825,0.14143322904904684
1712268672.4681711,-1.295996109644572,0.5502480268478394,0.18066825138198003
1712268672.4691901,-1.217891640133328,0.5050577057732476,0.18837511539459229
1712268672.4702094,-1.0879511303371854,0.4612686236699422,0.17646448479758367
1712268672.4712284,-0.915630989604526,0.38630174265967476,0.15299354990323386
1712268672.4722476,-0.7030328777101305,0.2615904476907518,0.10324916077984704
1712268672.4732666,-0.4529586103227403,0.15054136514663696,0.050351959135797285
1712268672.4742858,-0.17661604616377088,0.040893521573808454,0.003760386672284868
1712268672.4753048,0.11025541358523898,-0.08485209610727099,-0.05368037356270684
1712268672.476324,0.39646079142888385,-0.2147926390171051,-0.1373887062072754
1712268672.477343,0.6714561912748549,-0.31426194641325206,-0.2144423955016666
1712268672.478362,0.9201780954996744,-0.40462493896484375,-0.2690804832511478
1712268672.4793813,1.1233594682481554,-0.4743234978781806,-0.3195156322585212
1712268672.4804003,1.2673379315270317,-0.4855313234859043,-0.34193125036027694
1712268672.4814196,1.35281417104933,-0.4844805598258972,-0.35068733824623954
1712268672.4824386,1.3706800672743056,-0.47992739412519664,-0.3622454073694017
1712268672.4834578,1.3254898124270968,-0.4533088538381788,-0.3608444333076477
1712268672.4844768,1.2235487831963432,-0.38220932086308795,-0.32652050256729126
1712268672.4854958,1.0582012600368924,-0.30900829368167454,-0.2652277880244785
1712268672.486515,0.8357527520921495,-0.22494971752166748,-0.2193458212746514
1712268672.487534,0.5691648854149712,-0.11077015764183468,-0.16120529837078518
1712268672.4885533,0.26684514350361294,-0.02320914218823115,-0.10831845303376515
1712268672.4895723,-0.051578912470075816,0.05350477579567167,-0.06313696503639221
1712268672.4905915,-0.3696005211936103,0.1621016694439782,-0.005696938476628727
1712268672.4916105,-0.6641557481553819,0.2594885726769765,0.05350477579567167
1712268672.4926298,-0.9233364131715562,0.3288504812452528,0.09098822044001685
1712268672.4936488,-1.1306809054480658,0.38069672054714626,0.09869510100947486
1712268672.4946678,-1.2679764959547255,0.4367467429902818,0.11095604134930505
1712268672.495687,-1.3425785965389676,0.4532114333576626,0.12286666366789076
1712268672.496706,-1.3544868098364935,0.4696761237250434,0.1253188567029105
1712268672.4977252,-1.3068536917368572,0.49665020571814644,0.1361785415146086
1712268672.4987442,-1.2042321099175346,0.4735295640097724,0.13127417200141483
1712268672.4997635,-1.0546778970294528,0.4188808136516147,0.10044665800200568
1712268672.5007825,-0.8560895257525973,0.3596779704093933,0.0629632133576605
1712268672.5018017,-0.6130201286739773,0.2906663881407844,0.04860039800405502
1712268672.5028207,-0.34088051981396145,0.1813688708676232,0.021626328428586323
1712268672.5038397,-0.04702573849095239,0.06856821477413177,-0.023559385703669652
1712268672.504859,0.2577370074060228,-0.04457402974367142,-0.07224331299463908
1712268672.505878,0.5534008476469252,-0.19097604685359532,-0.13318577574359045
1712268672.5068972,0.8217402961519029,-0.3244190414746602,-0.1913262903690338
1712268672.5079162,1.0511949989530776,-0.4172337055206299,-0.2263506915834215
1712268672.5089355,1.2224978870815701,-0.4904347327020433,-0.2592736482620239
1712268672.5099545,1.3261903656853569,-0.5524279342757331,-0.3013029363420274
1712268672.5109735,1.3699795140160453,-0.5702903535630968,-0.344733198483785
1712268672.5119927,1.3507122463650174,-0.5492757426367866,-0.3559409909778171
1712268672.5130117,1.2669875886705186,-0.5156522989273071,-0.35874297221501666
1712268672.514031,1.125461260477702,-0.4242386089430915,-0.33702780803044635
1712268672.51505,0.9275346994400024,-0.30445512798097396,-0.2932473023732503
1712268672.5160692,0.6861693329281277,-0.19903166426552665,-0.2529692484272851
1712268672.5170882,0.40451798174116343,-0.08275063501463996,-0.20918874277008903
1712268672.5181074,0.10500072605080074,0.04825008412202199,-0.14999748931990728
1712268672.5191264,-0.20008239481184217,0.1813688708676232,-0.0624364780055152
1712268672.5201454,-0.4984903335571289,0.277704828315311,0.007613825404809581
1712268672.5211647,-0.7643255922529433,0.3792954815758599,0.06996946202384101
1712268672.5221837,-0.986730588807,0.4416511125034756,0.12321698168913522
1712268672.523203,-1.154847674899631,0.45005861255857676,0.14878979987568325
1712268672.524222,-1.2669258647494845,0.4689755042394002,0.16910793052779302
1712268672.5252411,-1.3191122478908963,0.47633207506603664,0.19468074043591815
1712268672.5262601,-1.316660510169135,0.45391205284330577,0.19888449046346876
1712268672.5272791,-1.2630731529659696,0.4094223512543572,0.16245199574364555
1712268672.5282984,-1.151695516374376,0.37474142180548775,0.12006416916847229
1712268672.5293174,-0.991283721394009,0.31518826882044476,0.0839819676346249
1712268672.5303366,-0.7860406902101305,0.23882013228204516,0.03423758265044954
1712268672.5313556,-0.5384181605445014,0.18732418616612753,-0.0070979151253898936
1712268672.5323749,-0.2550707095199161,0.10955478582117292,-0.047375982006390885
1712268672.5333939,0.04754946049716737,0.0006075733755197789,-0.11041991412639618
1712268672.534413,0.3568754924668206,-0.10726771420902675,-0.17066188984447056
1712268672.535432,0.6556920872794257,-0.1923770209153493,-0.20743752519289652
1712268672.536451,0.9208787149853176,-0.28694291909535724,-0.22389898697535196
1712268672.5374703,1.137722200817532,-0.3717019822862413,-0.2550707095199161
1712268672.5384893,1.2936113940344915,-0.42388836542765296,-0.27328340543640983
1712268672.5395086,1.383641693327162,-0.4809781246715122,-0.2900951107343038
1712268672.5405276,1.4088641272650824,-0.5247586303287082,-0.3055058585272895
1712268672.5415468,1.3587694697909884,-0.5125001072883606,-0.2956990400950114
1712268672.5425658,1.2459688716464572,-0.4750239849090576,-0.27153218785921734
1712268672.543585,1.0680099990632799,-0.42458885245853,-0.2519185178809696
1712268672.544604,0.8371540572908189,-0.35033709473080105,-0.24876632624202305
1712268672.545623,0.5660120646158854,-0.23265509141816032,-0.22284825642903644
1712268672.5466423,0.26299170321888393,-0.12337894075446658,-0.18572239412201774
1712268672.5476613,-0.0557818387945493,0.017072265553805564,-0.14299261901113722
1712268672.5486805,-0.3692502776781718,0.18101856112480164,-0.07994867861270905
1712268672.5496995,-0.6557499037848579,0.30432860056559247,-0.02320914218823115
1712268672.5507188,-0.9016212489869859,0.39435893297195435,0.019174141602383718
1712268672.5517378,-1.0932047499550712,0.47563145558039344,0.06331352723969354
1712268672.5527568,-1.22209456231859,0.5393883254792955,0.12882197896639505
1712268672.553776,-1.2956457667880588,0.5541014671325684,0.17821605006853738
1712268672.554795,-1.3114068243238661,0.5534008476469252,0.201687001519733
1712268672.5558143,-1.2700780232747395,0.5320317546526591,0.21429825160238478
1712268672.5568333,-1.1828672885894775,0.4525108138720194,0.19818387097782558
1712268672.5578525,-1.0494242774115667,0.3684357802073161,0.16630543602837455
1712268672.5588715,-0.8693987793392605,0.29522044791115654,0.13898104429244995
1712268672.5598907,-0.6529479556613498,0.2051901320616404,0.0979944732454088
1712268672.5609097,-0.4035742084185282,0.0839819676346249,0.027581643727090623
1712268672.5619287,-0.12442967957920498,-0.02250865308774842,-0.06068525628911124
1712268672.562948,0.1736619902981652,-0.12232821020815107,-0.12863260176446703
1712268672.563967,0.4672239555252923,-0.23650777008798388,-0.20008239481184217
1712268672.5649862,0.741518669658237,-0.3055058585272895,-0.2550707095199161
1712268672.5660052,0.9832343790266249,-0.35173806879255504,-0.28624243206448025
1712268672.5670245,1.1783585283491347,-0.40987859169642127,-0.3233683109283447
1712268672.5680435,1.310426394144694,-0.4536590973536173,-0.35173806879255504
1712268672.5690627,1.383641693327162,-0.4592629936006334,-0.3580424520704481
1712268672.5700817,1.3867945141262479,-0.44490300946765476,-0.32652050256729126
1712268672.5711007,1.3205854098002117,-0.42809128761291504,-0.3020034233729045
1712268672.57212,1.1916703648037381,-0.36539759900834823,-0.266278518570794
1712268672.573139,1.0046034389071994,-0.3062063455581665,-0.22494971752166748
1712268672.5741582,0.764289034737481,-0.2596238917774624,-0.19412823849254185
1712268672.5751772,0.48018551535076565,-0.16610872414377,-0.1527994540002611
1712268672.5761964,0.16455387075742087,-0.052979886531829834,-0.09360820055007935
1712268672.5772154,-0.1626062724325392,0.05560665080944697,-0.04632525146007538
1712268672.5782344,-0.4837800727950202,0.15474511517418754,-0.021808166056871414
1712268672.5792537,-0.7692290014690822,0.2682463990317451,0.0030597614952259595
1712268672.5802727,-1.0066945023006864,0.3540729814105564,0.03949227018488778
1712268672.581292,-1.1856692367129855,0.4185305039087931,0.06436446474658118
1712268672.582311,-1.299848821428087,0.49805144468943274,0.10219822327295938
1712268672.5833302,-1.3467815187242296,0.5386877059936523,0.1337263567580117
1712268672.5843492,-1.3338224093119304,0.5313311351670159,0.13863073454962835
1712268672.5853684,-1.2658751010894775,0.5092614558007982,0.13302572899394566
1712268672.5863874,-1.1439900928073459,0.485440194606781,0.13828042480680677
1712268672.5874064,-0.9772739807764689,0.4223839441935221,0.14283448457717896
1712268672.5884256,-0.7720309495925903,0.33690767155753243,0.11305791636308034
1712268672.5894446,-0.5244083868132697,0.25073076287905377,0.07837697035736507
1712268672.5904639,-0.24631460507710773,0.11936354140440622,0.026530704150597252
1712268672.5914829,0.04754946049716737,-0.03091451194551256,-0.041071590450074934
1712268672.592502,0.34181204107072616,-0.1527994540002611,-0.09360820055007935
1712268672.593521,0.622062087059021,-0.266278518570794,-0.14509408010376823
1712268672.59454,0.8693828185399373,-0.37660539150238037,-0.2018336123890347
1712268672.5955594,1.0792200432883368,-0.4659176535076565,-0.2746843794981639
1712268672.5965784,1.2400135729047987,-0.5082971851030985,-0.3209166063202752
1712268672.5975976,1.3356488280826144,-0.548925499121348,-0.35138782527711654
1712268672.5986166,1.3654254542456732,-0.5380679170290629,-0.3706512517399258
1712268672.5996358,1.3314451111687553,-0.4757244719399346,-0.3601439462767707
1712268672.6006548,1.2407141261630588,-0.4207361406750149,-0.344032711452908
1712268672.601674,1.0890287823147244,-0.35454001691606307,-0.32582001553641426
1712268672.602693,0.8865480952792697,-0.25857316123114693,-0.2893946237034268
1712268672.603712,0.6367752287122939,-0.13808919323815239,-0.2179448472128974
1712268672.6047313,0.3453151716126336,-0.033366220692793526,-0.14719554119639927
1712268672.6057503,0.03458789446287685,0.08433228565586938,-0.08345112204551697
1712268672.6067696,-0.27643559707535637,0.20063605573442247,-0.016904748562309477
1712268672.6077886,-0.5709908405939738,0.2636923227045271,0.03528852015733719
1712268672.6088078,-0.8357754018571641,0.32709889941745335,0.07697571482923296
1712268672.6098268,-1.053627199596829,0.3957601719432407,0.12672010395261976
1712268672.610846,-1.21579024526808,0.4342945416768392,0.16350292497211033
1712268672.611865,-1.315959956910875,0.4377976722187466,0.1659551097287072
1712268672.612884,-1.3516848617129855,0.4458548625310262,0.1477388540903727
1712268672.6139033,-1.3222644064161513,0.4420014222462972,0.14283448457717896
1712268672.6149223,-1.2441599369049072,0.40802111228307086,0.11901323166158465
1712268672.6159415,-1.1145696375105116,0.3922570414013333,0.0941410329606798
1712268672.6169605,-0.9334934420055813,0.36318110095130074,0.07277196480168237
1712268672.6179798,-0.7068855894936455,0.2868129478560554,0.030033830553293228
1712268672.6189988,-0.4442025224367777,0.19257886542214286,-0.022858898672792647
1712268672.6200178,-0.14789602822727627,0.10289885103702545,-0.06733989550007714
1712268672.621037,0.15929917494455972,-0.0007935216934937569,-0.08975551360183291
1712268672.622056,0.46056800418429905,-0.1261808971563975,-0.13073407113552094
1712268672.6230752,0.745021833313836,-0.22459947400622898,-0.16821018523640102
1712268672.6240942,0.9930431180530124,-0.3328248858451843,-0.20533604754341972
1712268672.6251135,1.1920207076602511,-0.4526083668073018,-0.24771559569570753
1712268672.6261325,1.3233878877427843,-0.5167030294736227,-0.27678584059079486
1712268672.6271517,1.387144856982761,-0.5447225438223945,-0.2837907274564107
1712268672.6281707,1.3808392153845892,-0.5538289083374871,-0.29044535424974227
1712268672.6291897,1.3072735733456082,-0.541570352183448,-0.3118102418051826
1712268672.630209,1.179409424463908,-0.47782593303256565,-0.31846490171220565
1712268672.631228,0.9923424985673692,-0.4011225038104587,-0.2978005011876424
1712268672.6322472,0.7558815346823798,-0.30060244931115043,-0.27713608410623336
1712268672.6332662,0.4770326945516798,-0.14474383658832973,-0.22810192571745977
1712268672.6342854,0.17436260978380838,0.004811324696573946,-0.16961115929815504
1712268672.6353045,-0.13668821917639837,0.1239176011747784,-0.12162772317727406
1712268672.6363235,-0.43684737549887764,0.24302388230959573,-0.07014184362358517
1712268672.6373427,-0.7086367739571465,0.3614295522371928,0.002709448906696505
1712268672.6383617,-0.9390974044799805,0.4406001832750108,0.08293103012773725
1712268672.639381,-1.1215745078192816,0.49104518360561794,0.1337263567580117
1712268672.6404,-1.2410077783796523,0.5323820975091722,0.1778657403257158
1712268672.6414192,-1.300199031829834,0.5173186461130778,0.20238762100537616
1712268672.6424382,-1.306153138478597,0.47563145558039344,0.1999354362487793
1712268672.6434574,-1.2595706515842013,0.4448039333025614,0.19923481676313612
1712268672.6444764,-1.1643042829301622,0.3989129927423265,0.18837511539459229
1712268672.6454954,-1.0266584157943726,0.32709889941745335,0.14949041936132643
1712268672.6465147,-0.8378768629497951,0.24442513783772785,0.07872728010018666
1712268672.6475337,-0.6039137972725762,0.16875762078497145,0.019524453414811026
1712268672.648553,-0.3377283281750149,0.0650650883714358,-0.045274516774548426
1712268672.649572,-0.0484267125527064,-0.02425987480415238,-0.10866869654920366
1712268672.6505911,0.2517816921075185,-0.09255747000376384,-0.15700237618552312
1712268672.6516101,0.5516492658191257,-0.18572239412201774,-0.21093996034728155
1712268672.6526294,0.8266446325514052,-0.2830902404255337,-0.26417705747816295
1712268672.6536484,1.064156625005934,-0.35874297221501666,-0.30375464095009697
1712268672.6546674,1.2459688716464572,-0.4011225038104587,-0.30935853719711304
1712268672.6556866,1.3594701555040147,-0.4529586103227403,-0.30900829368167454
1712268672.6567056,1.4036095142364502,-0.46346591578589547,-0.31286097235149807
1712268672.6577249,1.3818901114993625,-0.4522581232918633,-0.29499851995044285
1712268672.6587439,1.2960635291205511,-0.4575117760234409,-0.2806385358174642
1712268672.659763,1.1468303203582764,-0.42318787839677596,-0.26137510935465497
1712268672.660782,0.9359421994951036,-0.344733198483785,-0.2172443601820204
1712268672.661801,0.6707555717892116,-0.2571721706125471,-0.17451458507113987
1712268672.6628203,0.36598361200756496,-0.1626062724325392,-0.14789602822727627
1712268672.6638393,0.04544758548339208,-0.04002085576454798,-0.1261808971563975
1712268672.6648586,-0.27258291840553284,0.0899372829331292,-0.08485209610727099
1712268672.6658776,-0.5772952238718668,0.19923481676313612,-0.04667549497551388
1712268672.6668968,-0.8455822202894423,0.3253473507033454,-0.0007935216934937569
1712268672.6679158,-1.059931582874722,0.4398995637893677,0.052804148031605616
1712268672.668935,-1.2133385075463188,0.5012042654885186,0.08538322316275702
1712268672.669954,-1.301950216293335,0.5320317546526591,0.10815353857146369
1712268672.670973,-1.3250663545396593,0.5590058697594537,0.13582823177178702
1712268672.6719923,-1.2949453459845648,0.556553668446011,0.17681481109725103
1712268672.6730113,-1.218592193391588,0.5106626947720846,0.182419800096088
1712268672.6740305,-1.0921540525224473,0.4672239555252923,0.17681481109725103
1712268672.6750495,-0.9177325169245402,0.3834992316034105,0.15334385964605543
1712268672.6760688,-0.7037333647410074,0.2573866976632012,0.1078032288286421
1712268672.6770878,-0.45470982789993286,0.14423574010531107,0.05875946333010991
1712268672.6781068,-0.17941799428727892,0.032836331261528864,0.012167888796991771
1712268672.679126,0.10710260106457604,-0.09115648766358693,-0.04877696020735635
1712268672.680145,0.3929576608869764,-0.22144728236728245,-0.13493700159920585
1712268672.6811643,0.6739083925882975,-0.3146121899286906,-0.21129020386272007
1712268672.6821833,0.9226302968131171,-0.40637615654203624,-0.2652277880244785
1712268672.6832025,1.1233594682481554,-0.4732727673318651,-0.3202161192893982
1712268672.6842215,1.2673379315270317,-0.4760747154553731,-0.346134172545539
1712268672.6852407,1.3493110073937309,-0.4757244719399346,-0.3569917215241326
1712268672.6862597,1.368578275044759,-0.47397325436274207,-0.3696005211936103
1712268672.6872787,1.3279419475131564,-0.44210102823045516,-0.3657478425237867
1712268672.688298,1.2238991260528564,-0.37485417392518783,-0.3251195285055372
1712268672.689317,1.0557490587234497,-0.3055058585272895,-0.265578031539917
1712268672.6903362,0.8322496546639336,-0.22705119517114428,-0.2172443601820204
1712268672.6913552,0.5646108256445991,-0.11742479271358913,-0.15770286321640015
1712268672.6923745,0.26684514350361294,-0.034767194754547544,-0.10516625311639574
1712268672.6933935,-0.04947744723823335,0.04509727160135905,-0.05963452574279573
1712268672.6944127,-0.36504735549290973,0.15159229437510172,0.001658511141108142
1712268672.6954317,-0.6627547740936279,0.25038045313623214,0.05735821194118924
1712268672.6964507,-0.9261383612950642,0.31869139936235213,0.09273978571097057
1712268672.69747,-1.1313813262515597,0.3782445523473951,0.09694353573852114
1712268672.698489,-1.2679764959547255,0.4370970527331034,0.11515979137685564
1712268672.6995082,-1.3390760951571994,0.454612672328949,0.12356729143195681
1712268672.7005272,-1.3523854149712455,0.47913455300860935,0.12707042197386423
1712268672.7015464,-1.30510237481859,0.5012042654885186,0.13687916927867466
1712268672.7025654,-1.2035316891140408,0.47633207506603664,0.12566916644573212
1712268672.7035844,-1.05537838406033,0.4188808136516147,0.0941410329606798
1712268672.7046037,-0.8546885516908433,0.3558245301246643,0.06121165222591824
1712268672.7056227,-0.6109186675813463,0.28891483942667645,0.04754946049716737
1712268672.706642,-0.33982978926764595,0.17716512084007263,0.017072265553805564
1712268672.707661,-0.043523299197355904,0.07137071755197313,-0.03126475546095106
1712268672.7086802,0.26053951846228707,-0.04492427325910992,-0.07679648697376251
1712268672.7096992,0.5555027061038547,-0.2021838559044732,-0.13458675808376735
1712268672.7107184,0.8248931169509888,-0.3286219636599223,-0.1916765338844723
1712268672.7117374,1.0515453418095906,-0.4175839490360684,-0.22389898697535196
1712268672.7127564,1.2193450662824843,-0.49288643731011283,-0.2533194919427236
1712268672.7137756,1.3240885734558105,-0.5520776907602946,-0.2971000141567654
1712268672.7147946,1.368928485446506,-0.5678386820687188,-0.3373780846595764
1712268672.7158139,1.3514129320780437,-0.5499762296676636,-0.347535146607293
1712268672.7168329,1.272242334153917,-0.5184542470508151,-0.34998685121536255
1712268672.717852,1.1289644241333008,-0.4249390959739685,-0.3310736682679918
1712268672.718871,0.9331396553251479,-0.307257076104482,-0.2928970588578118
1712268672.71989,0.6893221537272135,-0.20043263832728067,-0.25822291771570843
1712268672.7209094,0.4094223512543572,-0.08590282665358649,-0.2189955777592129
1712268672.7219284,0.11235728859901428,0.0500016493929757,-0.16050481133990818
1712268672.7229476,-0.19657995965745714,0.18101856112480164,-0.07084233065446217
1712268672.7239666,-0.49743960301081336,0.28015702962875366,-0.0007935216934937569
1712268672.7249858,-0.7671275403764513,0.38209799263212413,0.06156196196873982
1712268672.7260048,-0.987781286239624,0.4409504930178324,0.11480947335561116
1712268672.727024,-1.154497464497884,0.45391205284330577,0.14423574010531107
1712268672.728043,-1.2651745478312175,0.47212832503848606,0.17506324582629734
1712268672.729062,-1.316660510169135,0.4766823848088582,0.20554044180446202
1712268672.7300813,-1.316660510169135,0.4497083028157552,0.20869324604670206
1712268672.7311003,-1.2623725997077093,0.40066454145643443,0.16910793052779302
1712268672.7321196,-1.149594121509128,0.3691364328066508,0.1316244817442364
1712268672.7331386,-0.987080799208747,0.30818204085032147,0.09554228848881191
1712268672.7341578,-0.7797363069322374,0.24092200729582045,0.040893521573808454
1712268672.7351768,-0.5314132902357314,0.1950310667355855,-0.003245230246749189
1712268672.736196,-0.24946681327290005,0.11621072888374329,-0.05192915598551432
1712268672.737215,0.051402900781896375,0.00831445058186849,-0.11777503622902764
1712268672.738234,0.35932766066657174,-0.09430868758095635,-0.1780170202255249
1712268672.7392533,0.6570933924780952,-0.18116921186447144,-0.20953898628552753
1712268672.7402723,0.9170252747005886,-0.28098877933290267,-0.2291526562637753
1712268672.7412915,1.1317669020758734,-0.36890003416273326,-0.26137510935465497
1712268672.7423105,1.2890573342641194,-0.4182844360669454,-0.27818683120939464
1712268672.7433298,1.3808392153845892,-0.48342982927958167,-0.29079559776518077
1712268672.7443488,1.402208275265164,-0.5293118291431003,-0.30340439743465847
1712268672.7453678,1.3573682308197021,-0.5160025424427456,-0.29079559776518077
1712268672.746387,1.2428160508473713,-0.4813283681869507,-0.26487754450904
1712268672.747406,1.0648572444915771,-0.4354464014371236,-0.2522687613964081
1712268672.7484252,0.8364534378051758,-0.35489026043150157,-0.2515682743655311
1712268672.7494442,0.5677636464436849,-0.23440630899535284,-0.22354874345991346
1712268672.7504635,0.2622910837332408,-0.11777503622902764,-0.18432142006026372
1712268672.7514825,-0.05683257348007626,0.025479766643709607,-0.14089114136166042
1712268672.7525017,-0.3706512517399258,0.18907575143708122,-0.076446243458324
1712268672.7535207,-0.6564503908157349,0.30958327982160777,-0.024610118319590885
1712268672.7545397,-0.905824171172248,0.3996136122279697,0.017422578401035733
1712268672.755559,-1.0956564876768324,0.477733314037323,0.06156196196873982
1712268672.756578,-1.22209456231859,0.5428914560212029,0.12812135948075187
1712268672.7575972,-1.2952955563863118,0.5534008476469252,0.17506324582629734
1712268672.7586162,-1.3138585620456271,0.5509486463334825,0.19678261544969347
1712268672.7596354,-1.2742809454600017,0.5225733253690932,0.2076423168182373
1712268672.7606544,-1.1832174989912245,0.4430523845884535,0.18837511539459229
1712268672.7616737,-1.0504749748441908,0.3673848509788513,0.15824824571609497
1712268672.7626927,-0.8700992663701375,0.29522044791115654,0.13652885953585306
1712268672.7637117,-0.6532982322904799,0.20098638203408983,0.09379072321785821
1712268672.764731,-0.4035742084185282,0.08223041064209408,0.021626328428586323
1712268672.76575,-0.12337894075446658,-0.02250865308774842,-0.06383745206726922
1712268672.7667692,0.17331168055534363,-0.12407943606376648,-0.12933309707376692
1712268672.7677882,0.466172993183136,-0.23965997828377616,-0.19763069020377264
1712268672.7688074,0.7401174306869507,-0.30445512798097396,-0.24771559569570753
1712268672.7698264,0.9849859608544244,-0.35103758176167804,-0.2823897533946567
1712268672.7708454,1.1780081854926214,-0.4165332184897529,-0.32266782389746773
1712268672.7718647,1.3132288720872667,-0.4589127500851949,-0.3566414780086941
1712268672.7728837,1.384342246585422,-0.46031372414694893,-0.3608444333076477
1712268672.773903,1.3864441712697346,-0.44630398352940875,-0.3310736682679918
1712268672.774922,1.3191841708289251,-0.42879177464379203,-0.30935853719711304
1712268672.7759411,1.1909698115454779,-0.3667985730701023,-0.27748632762167186
1712268672.7769601,1.003202199935913,-0.31251072883605957,-0.23930973476833767
1712268672.7779794,0.7621871100531684,-0.25857316123114693,-0.205686307615704
1712268672.7789984,0.47633207506603664,-0.16155554188622367,-0.15420042806201512
1712268672.7800174,0.16175135970115662,-0.050528177784548864,-0.09360820055007935
1712268672.7810366,-0.16891067226727804,0.05420539942052629,-0.04212232099639045
1712268672.7820556,-0.48693229754765827,0.149840729104148,-0.016904748562309477
1712268672.7830749,-0.7699294884999592,0.2619407574335734,0.011817575949761603
1712268672.7840939,-1.0038925541771782,0.3453151716126336,0.04930102162890964
1712268672.785113,-1.1811159716712103,0.41397644413842094,0.07627509534358978
1712268672.786132,-1.2952955563863118,0.49594958623250324,0.11165666083494821
1712268672.787151,-1.3425785965389676,0.5337833364804586,0.1379301067855623
1712268672.7881703,-1.3303200403849285,0.5285286572244432,0.13933135403527153
1712268672.7891893,-1.2627229425642226,0.5099620752864413,0.13267541925112405
1712268672.7902086,-1.13908674981859,0.4896439446343316,0.1361785415146086
1712268672.7912276,-0.9751725196838379,0.4269380039638943,0.13898104429244995
1712268672.7922468,-0.7706299755308363,0.34251266055636936,0.10990510384241739
1712268672.7932658,-0.5247586303287082,0.2573866976632012,0.0759247773223453
1712268672.794285,-0.24911656975746155,0.11515979137685564,0.02337789162993431
1712268672.795304,0.04299539658758375,-0.0326657315923108,-0.04212232099639045
1712268672.796323,0.33865922027164036,-0.1527994540002611,-0.09150673117902544
1712268672.7973423,0.621711810429891,-0.26837997966342503,-0.1373887062072754
1712268672.7983613,0.8707840575112237,-0.3853615125020345,-0.19868142075008816
1712268672.7993805,1.0813219017452664,-0.4711713062392341,-0.27223267489009434
1712268672.8003995,1.2407141261630588,-0.5153020554118686,-0.31391170289781356
1712268672.8014188,1.3359991709391277,-0.5527781777911716,-0.346834659576416
1712268672.8024378,1.3678775893317328,-0.5324640207820468,-0.36364638143115574
1712268672.803457,1.3349482748243544,-0.47362301084730357,-0.35173806879255504
1712268672.804476,1.2431662612491183,-0.4172337055206299,-0.3391293022367689
1712268672.805495,1.0872772004869249,-0.3520883123079936,-0.3212668498357137
1712268672.8065143,0.8854971991644965,-0.2533194919427236,-0.2883438931571113
1712268672.8075333,0.6350236468844943,-0.13388626277446747,-0.21409215198622808
1712268672.8085525,0.34286297029919094,-0.0323154880768723,-0.14439359307289124
1712268672.8095715,0.03248601944910155,0.0878354079193539,-0.08205014798376295
1712268672.8105907,-0.27643559707535637,0.19678261544969347,-0.016554505046870973
1712268672.8116097,-0.5716913276248508,0.2584376434485118,0.03143508194221391
1712268672.8126287,-0.8357754018571641,0.3246467312177022,0.07277196480168237
1712268672.813648,-1.052226225535075,0.38840360111660427,0.1239176011747784
1712268672.814667,-1.2126379542880588,0.42868955267800224,0.16070043047269186
1712268672.8156862,-1.315609746509128,0.4370970527331034,0.16350292497211033
1712268672.8167052,-1.3506340980529785,0.44830706384446883,0.14808918039004007
1712268672.8177245,-1.3236653804779053,0.4430523845884535,0.14353510406282213
1712268672.8187435,-1.2427589628431532,0.4097726609971788,0.12146541641818152
1712268672.8197627,-1.1124682426452637,0.3985626829995049,0.10079697602325015
1712268672.8207817,-0.9334934420055813,0.3635314106941223,0.08047884537114038
1712268672.8218007,-0.7082865635553995,0.2829595075713264,0.03493820627530416
1712268672.82282,-0.4435020354059007,0.1897763709227244,-0.021107676956388686
1712268672.823839,-0.14719554119639927,0.10079697602325015,-0.06453794323735766
1712268672.8248582,0.16070043047269186,-0.002544741922368606,-0.09080624414814843
1712268672.8258772,0.4630202054977417,-0.1275818712181515,-0.13808919323815239
1712268672.8268964,0.7474740346272787,-0.2263506915834215,-0.17941799428727892
1712268672.8279154,0.9944443570242988,-0.33597707748413086,-0.2196960647900899
1712268672.8289344,1.1895684401194255,-0.4505069057146708,-0.26242583990097046
1712268672.8299537,1.322336991628011,-0.5125001072883606,-0.28729316261079574
1712268672.8309727,1.3864441712697346,-0.5384181605445014,-0.2928970588578118
1712268672.831992,1.3769857088724773,-0.5506767166985406,-0.29955171876483494
1712268672.833011,1.3051716486612956,-0.5387684040599399,-0.31881514522764415
1712268672.8340302,1.1780081854926214,-0.4753742284244961,-0.3191653887430827
1712268672.8350492,0.9940940803951687,-0.4028737213876512,-0.2981507447030809
1712268672.8360684,0.7562318113115098,-0.2978005011876424,-0.2704814573129018
1712268672.8370874,0.47913455300860935,-0.14264237549569872,-0.2172443601820204
1712268672.8381064,0.17926699585384792,-0.003595474279589123,-0.16400726305113897
1712268672.8391256,-0.13283553222815195,0.11936354140440622,-0.11847553153832753
1712268672.8401446,-0.4340454273753696,0.23811951279640198,-0.06804038253095415
1712268672.8411639,-0.7044338517718844,0.3628307912084791,0.003760386672284868
1712268672.8421829,-0.9373461537890964,0.44445362355973983,0.07942790786425273
1712268672.843202,-1.1194731129540336,0.49980302651723224,0.12847166922357348
1712268672.844221,-1.2410077783796523,0.5432417657640245,0.1740123000409868
1712268672.8452404,-1.299848821428087,0.520121157169342,0.19538137647840711
1712268672.8462594,-1.307203902138604,0.4812364445792304,0.1936298112074534
1712268672.8472784,-1.2609716256459553,0.45005861255857676,0.19853418072064716
1712268672.8482976,-1.1657052569919162,0.3999639219707913,0.19047699040836757
1712268672.8493166,-1.0270086261961195,0.32219452990425956,0.15264324016041225
1712268672.8503358,-0.8389275603824191,0.23952075176768833,0.08293103012773725
1712268672.8513548,-0.6042640739017062,0.16490418050024244,0.026180392338169944
1712268672.852374,-0.3373780846595764,0.06016071471903059,-0.03791939467191696
1712268672.853393,-0.04422378622823291,-0.02320914218823115,-0.09956234859095679
1712268672.854412,0.25878795319133335,-0.09045600063270992,-0.14649505416552225
1712268672.8554313,0.5541014671325684,-0.18502190709114075,-0.2032345864507887
1712268672.8564503,0.8280459377500746,-0.28554194503360325,-0.26137510935465497
1712268672.8574696,1.0648572444915771,-0.35033709473080105,-0.3027039104037815
1712268672.8584886,1.2449178430769179,-0.3955185744497511,-0.30410488446553546
1712268672.8595078,1.3559669918484158,-0.44525325298309326,-0.30830780665079754
1712268672.8605268,1.4011572466956244,-0.4578620195388794,-0.3069068325890435
1712268672.861546,1.3815397686428494,-0.4519078797764248,-0.2960492836104499
1712268672.862565,1.2967642148335774,-0.4582122630543179,-0.28694291909535724
1712268672.863584,1.1429769463009305,-0.42388836542765296,-0.2645273009936015
1712268672.8646033,0.9324390358395046,-0.3485858771536085,-0.22179752588272095
1712268672.8656223,0.668303370475769,-0.2571721706125471,-0.17906775077184042
1712268672.8666415,0.36493264966540867,-0.1671594546900855,-0.1534999410311381
1712268672.8676605,0.04474695771932602,-0.04247256451182895,-0.13108431465095943
1712268672.8686798,-0.27748632762167186,0.08223041064209408,-0.08695356547832489
1712268672.8696988,-0.5800972382227579,0.1950310667355855,-0.04772622552182939
1712268672.8707178,-0.8476836813820733,0.3327039215299818,0.002709448906696505
1712268672.871737,-1.0606320699055989,0.44235173198911876,0.05840914944807688
1712268672.872756,-1.2115871906280518,0.500853955745697,0.0902875926759508
1712268672.8737752,-1.300899452633328,0.5362355377939012,0.11270759834183587
1712268672.8747942,-1.3254165649414062,0.5597064892450968,0.14423574010531107
1712268672.8758135,-1.2963463200463188,0.552700228161282,0.182419800096088
1712268672.8768325,-1.219292614195082,0.5071595642301772,0.18522231115235221
1712268672.8778517,-1.0911032888624403,0.46372082498338485,0.1778657403257158
1712268672.8788707,-0.9173822402954102,0.3750917315483093,0.15124198463228014
1712268672.8798897,-0.7054845492045084,0.25003014339341056,0.09904541075229645
1712268672.880909,-0.45681128899256385,0.14493635959095424,0.050351959135797285
1712268672.881928,-0.1804687248335944,0.03528852015733719,0.002359136318167051
1712268672.8829472,0.10500072605080074,-0.09045600063270992,-0.05788330402639177
1712268672.8839662,0.39050549268722534,-0.2196960647900899,-0.14299261901113722
1712268672.8849854,0.668653647104899,-0.31251072883605957,-0.2158433695634206
1712268672.8860044,0.918426579899258,-0.40532542599572075,-0.2701312137974633
1712268672.8870237,1.1202066474490695,-0.467668871084849,-0.31881514522764415
1712268672.8880427,1.2655863496992323,-0.4746737413936191,-0.3387790587213304
1712268672.8890617,1.353164513905843,-0.4771254460016886,-0.35103758176167804
1712268672.890081,1.3745335737864177,-0.4753742284244961,-0.3618951638539632
1712268672.8911,1.329693529340956,-0.44595374001397026,-0.35944345924589366
1712268672.8921192,1.226701603995429,-0.37345319986343384,-0.3198658757739597
1712268672.8931382,1.0582012600368924,-0.307257076104482,-0.266278518570794
1712268672.8941574,0.8364534378051758,-0.2175946036974589,-0.22109703885184392
1712268672.8951764,0.5684642659293281,-0.10936918358008066,-0.1626062724325392
1712268672.8961954,0.2682463990317451,-0.030564266360468335,-0.11357211404376559
1712268672.8972147,-0.049127203722794846,0.04965133551094267,-0.06839062604639265
1712268672.8982337,-0.36714881658554077,0.15684699018796286,-0.007798403191069761
1712268672.899253,-0.666257275475396,0.25423389342096114,0.0500016493929757
1712268672.900272,-0.9275393353568183,0.3214939104186164,0.08503290514151256
1712268672.9012911,-1.1306809054480658,0.38244830237494576,0.0941410329606798
1712268672.9023101,-1.2662253114912245,0.4377976722187466,0.11691135664780934
1712268672.9033294,-1.3394263055589464,0.4514598846435547,0.12742073171668583
1712268672.9043484,-1.3502838876512315,0.47528114583757186,0.13267541925112405
1712268672.9053674,-1.303701400756836,0.4973508252037896,0.14283448457717896
1712268672.9063866,-1.2021307150522869,0.4672239555252923,0.1302232344945272
1712268672.9074056,-1.052226225535075,0.4164286123381721,0.09729384548134273
1712268672.9084249,-0.8501353528764513,0.3617798619800144,0.06331352723969354
1712268672.9094439,-0.6077665090560913,0.2906663881407844,0.047899774379200406
1712268672.910463,-0.33982978926764595,0.1813688708676232,0.01391945199833976
1712268672.911482,-0.045975007944636874,0.07347259256574842,-0.03371646420823203
1712268672.912501,0.2577370074060228,-0.04877696020735635,-0.08345112204551697
1712268672.9135203,0.5516492658191257,-0.2039350734816657,-0.14229213198026022
1712268672.9145393,0.8192880948384602,-0.3286219636599223,-0.19622971614201862
1712268672.9155586,1.044889423582289,-0.41933516661326087,-0.2284521692328983
1712268672.9165776,1.2137401103973389,-0.49673911597993636,-0.2606746223237779
1712268672.9175968,1.3205854098002117,-0.5608338117599487,-0.306556589073605
1712268672.9186158,1.3668266932169597,-0.5706406301922268,-0.343332224422031
1712268672.919635,1.3479097684224446,-0.5559303363164266,-0.35033709473080105
1712268672.920654,1.268388827641805,-0.5177537600199381,-0.3538395298851861
1712268672.921673,1.1265122890472412,-0.4172337055206299,-0.3300229377216763
1712268672.9226923,0.9306875202390883,-0.30410488446553546,-0.28764340612623424
1712268672.9237113,0.6900227732128567,-0.19938190778096515,-0.2529692484272851
1712268672.9247305,0.4094223512543572,-0.08134965267446306,-0.21164044737815857
1712268672.9257495,0.10920447607835133,0.05735821194118924,-0.14789602822727627
1712268672.9267688,-0.19973215129640368,0.18312043613857693,-0.06033501277367274
1712268672.9277878,-0.49708935949537486,0.28050733937157524,0.004110699260814322
1712268672.928807,-0.7629246181911892,0.38595143291685313,0.0671669633852111
1712268672.929826,-0.98638031217787,0.4356958137618171,0.11796229415469699
1712268672.930845,-1.155548228157891,0.4420014222462972,0.14563697907659742
1712268672.9318643,-1.2683268388112385,0.46442144446902806,0.17296137081252203
1712268672.9328833,-1.320162879096137,0.4672239555252923,0.19888449046346876
1712268672.9339025,-1.320162879096137,0.4420014222462972,0.19853418072064716
1712268672.9349215,-1.2634233633677165,0.40101485119925606,0.16105074021551344
1712268672.9359407,-1.150294542312622,0.3691364328066508,0.12566916644573212
1712268672.9369597,-0.988481773270501,0.30853235059314305,0.08713478015528785
1712268672.9379787,-0.7818377680248684,0.24442513783772785,0.040543207691775426
1712268672.938998,-0.5331645078129238,0.1974832514921824,0.003760386672284868
1712268672.940017,-0.2515682743655311,0.11480947335561116,-0.04387354271279441
1712268672.9410362,0.04860039800405502,0.0034100740837554135,-0.10691747069358826
1712268672.9420552,0.3600282801522149,-0.10306479202376471,-0.16856042875183952
1712268672.9430745,0.656743049621582,-0.18782385521464878,-0.19938190778096515
1712268672.9440935,0.9208787149853176,-0.2886941366725498,-0.22389898697535196
1712268672.9451127,1.1349197228749592,-0.3696005211936103,-0.2564716835816701
1712268672.9461317,1.291509469350179,-0.42248739136589897,-0.27678584059079486
1712268672.9471507,1.383641693327162,-0.4911352197329203,-0.2967497706413269
1712268672.94817,1.4039598570929632,-0.5286113421122233,-0.3118102418051826
1712268672.949189,1.3545657528771293,-0.5135508378346761,-0.2978005011876424
1712268672.9502082,1.2428160508473713,-0.4757244719399346,-0.2753848665290409
1712268672.9512272,1.0648572444915771,-0.42739080058203804,-0.2610248658392164
1712268672.9522464,0.8364534378051758,-0.3464844160609775,-0.2557711965507931
1712268672.9532654,0.5649611685011122,-0.2302033868100908,-0.22144728236728245
1712268672.9542847,0.26439295874701607,-0.12057699263095856,-0.18292042944166395
1712268672.9553037,-0.054731108248233795,0.02793195553951793,-0.13563748863008288
1712268672.9563227,-0.36749906010097927,0.18942606117990282,-0.07014184362358517
1712268672.957342,-0.6518972582287258,0.30362794796625775,-0.017605237662792206
1712268672.958361,-0.897068116399977,0.39400862322913277,0.022326954123046663
1712268672.9593801,-1.0890018277698092,0.4770326945516798,0.0671669633852111
1712268672.9603992,-1.218942403793335,0.5351845754517449,0.13127417200141483
1712268672.9614184,-1.2935443719228108,0.5470952060487535,0.17120980554156834
1712268672.9624374,-1.309305297003852,0.5544517768753899,0.193980120950275
1712268672.9634564,-1.2679764959547255,0.5271273851394653,0.20448949601915148
1712268672.9644756,-1.1786643664042156,0.4469058248731825,0.18417136536704168
1712268672.9654946,-1.0462720526589286,0.36983705229229397,0.15649668044514126
1712268672.9665139,-0.8686982923083835,0.29907388819588554,0.1302232344945272
1712268672.9675329,-0.6543489297231039,0.20238762100537616,0.08853603568341997
1712268672.968552,-0.40567566951115924,0.08328134814898173,0.015320702352457576
1712268672.969571,-0.125130166610082,-0.018655968209107716,-0.06488818675279617
1712268672.9705904,0.1722607347700331,-0.1275818712181515,-0.12898285355832842
1712268672.9716094,0.46862519449657863,-0.23755851719114515,-0.19763069020377264
1712268672.9726284,0.7432702514860365,-0.2985009882185194,-0.24666484859254625
1712268672.9736476,0.9863871998257107,-0.3524385558234321,-0.2802882923020257
1712268672.9746666,1.180110110176934,-0.41408151388168335,-0.3198658757739597
1712268672.9756858,1.31427976820204,-0.45576055844624835,-0.35033709473080105
1712268672.9767048,1.387845410241021,-0.45400934086905587,-0.3527887993388706
1712268672.977724,1.3881957530975342,-0.44210102823045516,-0.3244190414746602
1712268672.978743,1.3202350669436984,-0.4210863841904534,-0.30480537149641246
1712268672.979762,1.1920207076602511,-0.3580424520704481,-0.27188243137465584
1712268672.9807813,1.0060046778784857,-0.3069068325890435,-0.23370582196447584
1712268672.9818003,0.7649896542231241,-0.25787265764342415,-0.2014833688735962
1712268672.9828196,0.4787842432657877,-0.15840335024727714,-0.1534999410311381
1712268672.9838386,0.16175135970115662,-0.049127203722794846,-0.09676039218902588
1712268672.9848578,-0.1671594546900855,0.054555713302559324,-0.049827690753671855
1712268672.9858768,-0.4858815670013428,0.15194260411792332,-0.028112559682793088
1712268672.986896,-0.7688787248399522,0.2650935782326592,0.004110699260814322
1712268672.987915,-1.0049432516098022,0.34461451901329887,0.040893521573808454
1712268672.988934,-1.1849686834547255,0.4178298513094584,0.07031978004508548
1712268672.9899533,-1.297747294108073,0.5005036460028754,0.10955478582117292
1712268672.9909723,-1.3439795706007216,0.5355348851945665,0.13722947902149624
1712268672.9919915,-1.3310204611884222,0.5295795864529079,0.14143322904904684
1712268672.9930105,-1.2609716256459553,0.5117136240005493,0.1379301067855623
1712268672.9940298,-1.140487723880344,0.48649112383524573,0.14738854434755114
1712268672.9950488,-0.9783246782090929,0.4178298513094584,0.14528666933377585
1712268672.996068,-0.7720309495925903,0.3383089105288188,0.1120069788561927
1712268672.997087,-0.5272103680504693,0.24722763233714634,0.07557446757952373
1712268672.998106,-0.24981705678833854,0.10850384831428528,0.019524453414811026
1712268672.9991252,0.04299539658758375,-0.03511743826998605,-0.0484267125527064
1712268673.0001442,0.33900953001446194,-0.1534999410311381,-0.09956234859095679
1712268673.0011635,0.6192596091164483,-0.266979005601671,-0.1510482198662228
1712268673.0021825,0.8665802743699815,-0.38255956437852645,-0.2144423955016666
1712268673.0032017,1.0757168796327379,-0.464866922961341,-0.28519170151816475
1712268673.0042207,1.2330072455936008,-0.512850350803799,-0.32231758038202923
1712268673.0052397,1.3303942150539823,-0.5524279342757331,-0.3541897734006246
1712268673.006259,1.3636738724178739,-0.5317635337511698,-0.3657478425237867
1712268673.007278,1.3303942150539823,-0.4725722803009881,-0.35033709473080105
1712268673.0082972,1.2389625443352592,-0.42318787839677596,-0.3373780846595764
1712268673.0093162,1.0872772004869249,-0.3566414780086941,-0.31636344061957467
1712268673.0103354,0.8872487147649128,-0.25857316123114693,-0.27713608410623336
1712268673.0113544,0.6360746092266506,-0.1384394367535909,-0.2039350734816657
1712268673.0123737,0.3470667203267415,-0.03967061224910948,-0.14089114136166042
1712268673.0133927,0.03774070905314551,0.08363165789180331,-0.07924819158183204
1712268673.0144117,-0.2750346230136024,0.18942606117990282,-0.01970670082502895
1712268673.015431,-0.5699401431613498,0.25213201840718585,0.02442882913682196
1712268673.01645,-0.8361256122589111,0.325697660446167,0.0668166536423895
1712268673.0174692,-1.0546778970294528,0.3961104816860623,0.12006416916847229
1712268673.0184882,-1.217191219329834,0.4300907916492886,0.1540444791316986
1712268673.0195074,-1.317711141374376,0.43604612350463867,0.15229293041759068
1712268673.0205264,-1.3520350721147325,0.4476064443588257,0.1400319900777605
1712268673.0215454,-1.3236653804779053,0.43744736247592503,0.13828042480680677
1712268673.0225646,-1.2445101473066542,0.4055689109696282,0.11691135664780934
1712268673.0235837,-1.1149198479122586,0.39435893297195435,0.10149759550889333
1712268673.024603,-0.9317422575420803,0.35652514961030746,0.08047884537114038
1712268673.025622,-0.7058348258336385,0.28050733937157524,0.03563883403937022
1712268673.0266411,-0.4403498106532627,0.18837511539459229,-0.017605237662792206
1712268673.0276601,-0.14264237549569872,0.10500072605080074,-0.05753306051095326
1712268673.0286794,0.16455387075742087,-0.003595474279589123,-0.08310087853007846
1712268673.0296984,0.46442144446902806,-0.12127747966183557,-0.13178480168183646
1712268673.0307174,0.7460727294286092,-0.2193458212746514,-0.17136237687534756
1712268673.0317366,0.9933934609095255,-0.33527659045325386,-0.21409215198622808
1712268673.0327556,1.1913200219472249,-0.4498064186837938,-0.2592736482620239
1712268673.0337749,1.3216363059149847,-0.5086474286185371,-0.2837907274564107
1712268673.0347939,1.383641693327162,-0.5394688910908169,-0.29044535424974227
1712268673.035813,1.376285155614217,-0.5534786648220485,-0.30060244931115043
1712268673.036832,1.3062225447760687,-0.5380679170290629,-0.3244190414746602
1712268673.0378513,1.1787088712056477,-0.47047081920835704,-0.3209166063202752
1712268673.0388703,0.9940940803951687,-0.4018229908413357,-0.30095269282658893
1712268673.0398893,0.7583336697684394,-0.2911458412806193,-0.27188243137465584
1712268673.0409086,0.4812364445792304,-0.13668821917639837,-0.21619362963570488
1712268673.0419276,0.18031792508231267,0.002709448906696505,-0.16085505485534668
1712268673.0429468,-0.13283553222815195,0.12286666366789076,-0.11357211404376559
1712268673.0439658,-0.4305429922209846,0.24722763233714634,-0.061035499804549746
1712268673.044985,-0.7026826010810004,0.36598361200756496,0.017772890213463042
1712268673.046004,-0.9355949030982124,0.4398995637893677,0.08923665516906314
1712268673.047023,-1.1177217960357666,0.49384769466188216,0.13828042480680677
1712268673.0480423,-1.23610430293613,0.5323820975091722,0.1799676153394911
1712268673.0490613,-1.297747294108073,0.5110130045149062,0.19923481676313612
1712268673.0500805,-1.307203902138604,0.47177801529566443,0.19713294174936083
1712268673.0510995,-1.2609716256459553,0.4448039333025614,0.1974832514921824
1712268673.0521188,-1.1685072051154242,0.3950595524575975,0.18312043613857693
1712268673.0531378,-1.0294603639178805,0.317990779876709,0.1361785415146086
1712268673.054157,-0.8420797851350572,0.2437245017952389,0.06751727726724413
1712268673.055176,-0.6063655349943373,0.16630543602837455,0.012868514491452111
1712268673.056195,-0.33947954575220746,0.0629632133576605,-0.05122866895463731
1712268673.0572143,-0.04877696020735635,-0.017605237662792206,-0.10936918358008066
1712268673.0582333,0.2517816921075185,-0.08625307016902499,-0.1534999410311381
1712268673.0592525,0.5505983365906609,-0.18782385521464878,-0.207787768708335
1712268673.0602715,0.8245427740944756,-0.2844912144872877,-0.2610248658392164
1712268673.0612907,1.0624050431781344,-0.3552405039469401,-0.2963995271258884
1712268673.0623097,1.2435166041056316,-0.4014727473258972,-0.2971000141567654
1712268673.0633287,1.357017887963189,-0.45506007141537136,-0.3020034233729045
1712268673.064348,1.402908828523424,-0.46031372414694893,-0.30445512798097396
1712268673.065367,1.3815397686428494,-0.4578620195388794,-0.29429803291956586
1712268673.0663862,1.295713186264038,-0.4666181405385335,-0.28694291909535724
1712268673.0674052,1.1450787385304768,-0.4263400700357225,-0.26767949263254803
1712268673.0684245,0.9313881397247314,-0.34543368551466197,-0.22389898697535196
1712268673.0694435,0.6655008925331963,-0.25822291771570843,-0.18502190709114075
1712268673.0704627,0.35862704118092853,-0.16400726305113897,-0.165408237112893
1712268673.0714817,0.040893521573808454,-0.03546768592463599,-0.1377389497227139
1712268673.0725007,-0.2795878052711487,0.0920391579469045,-0.09010575711727142
1712268673.07352,-0.5818484226862589,0.20554044180446202,-0.049127203722794846
1712268673.074539,-0.8490846554438273,0.3397101495001051,0.006212575050691763
1712268673.0755582,-1.058180332183838,0.4437530040740967,0.06156196196873982
1712268673.0765772,-1.2105365594228108,0.49805144468943274,0.09379072321785821
1712268673.0775964,-1.298447847366333,0.5299298961957296,0.11936354140440622
1712268673.0786154,-1.3226146168178983,0.5593561463885837,0.1540444791316986
1712268673.0796347,-1.2928438186645508,0.5456939670774672,0.1897763709227244
1712268673.0806537,-1.217191219329834,0.5050577057732476,0.18837511539459229
1712268673.0816727,-1.0879511303371854,0.462319552898407,0.1799676153394911
1712268673.082692,-0.9142300155427721,0.37369049257702297,0.15089167488945854
1712268673.083711,-0.7016319036483765,0.25108107262187535,0.10079697602325015
1712268673.0847301,-0.45470982789993286,0.14808918039004007,0.054555713302559324
1712268673.0857491,-0.18116921186447144,0.036339457664224833,0.005862262203461594
1712268673.0867684,0.10324916077984704,-0.09185697469446394,-0.06033501277367274
1712268673.0877874,0.39155642191569007,-0.2179448472128974,-0.1489467587735918
1712268673.0888064,0.6714561912748549,-0.3114599982897441,-0.22074679533640543
1712268673.0898256,0.9201780954996744,-0.4074268870883518,-0.2743341359827253
1712268673.0908446,1.1240600215064154,-0.4673186275694105,-0.32231758038202923
1712268673.0918639,1.2711913055843778,-0.4718717932701111,-0.34543368551466197
1712268673.0928829,1.3538650671641033,-0.47887666357888115,-0.3580424520704481
1712268673.093902,1.3755844699011908,-0.47992739412519664,-0.3699507647090488
1712268673.094921,1.3331966929965549,-0.44210102823045516,-0.3622454073694017
1712268673.0959404,1.2270519468519423,-0.3759049044715034,-0.3153126769595676
1712268673.0969594,1.0589018795225356,-0.3114599982897441,-0.26207559638553196
1712268673.0979784,0.8357527520921495,-0.22494971752166748,-0.2168941166665819
1712268673.0989976,0.5667126841015285,-0.11987650560008155,-0.15945408079359266
1712268673.1000166,0.2678960727320777,-0.04422378622823291,-0.11041991412639618
1712268673.1010358,-0.05192915598551432,0.04264508270555072,-0.06418769558270772
1712268673.1020548,-0.36714881658554077,0.15019105540381536,-0.003595474279589123
1712268673.103074,-0.665906998846266,0.24862888786527845,0.04895071188608805
1712268673.104093,-0.9268388483259413,0.3134367201063368,0.07837697035736507
1712268673.1051123,-1.1310311158498128,0.3782445523473951,0.08258072038491567
1712268673.1061313,-1.2662253114912245,0.4367467429902818,0.10430009828673469
1712268673.1071503,-1.3394263055589464,0.4549630151854621,0.11340822610590193
1712268673.1081696,-1.3520350721147325,0.4875420861774021,0.1239176011747784
1712268673.1091886,-1.302300426695082,0.5071595642301772,0.13933135403527153
1712268673.1102078,-1.2000291877322726,0.477733314037323,0.12707042197386423
1712268673.1112268,-1.0508252514733207,0.422033601337009,0.09939572049511804
1712268673.112246,-0.8497851424747043,0.36423203017976546,0.07172102729479472
1712268673.113265,-0.6077665090560913,0.29101669788360596,0.06401415086454815
1712268673.114284,-0.33702780803044635,0.1775154305828942,0.026881018032630283
1712268673.1153033,-0.04142183396551344,0.07522415783670214,-0.018655968209107716
1712268673.1163223,0.26088982820510864,-0.05262964301639133,-0.06769013901551564
1712268673.1173415,0.5569039450751411,-0.20988922980096605,-0.13073407113552094
1712268673.1183605,0.8259440130657619,-0.32687074608272976,-0.18607263763745627
1712268673.1193798,1.0504943794674344,-0.41618297497431433,-0.22074679533640543
1712268673.1203988,1.2161922454833984,-0.4911352197329203,-0.25892340474658543
1712268673.121418,1.321986648771498,-0.547874735461341,-0.31040926774342853
1712268673.122437,1.3696291711595323,-0.5548796388838027,-0.3478853901227315
1712268673.123456,1.3507122463650174,-0.540169378121694,-0.3541897734006246
1712268673.1244752,1.2694397237565782,-0.5030434992578294,-0.35454001691606307
1712268673.1254942,1.1244103643629286,-0.40672640005747474,-0.3296726942062378
1712268673.1265135,0.9296365578969319,-0.2971000141567654,-0.29079559776518077
1712268673.1275325,0.6868699524137709,-0.19622971614201862,-0.2547204660044776
1712268673.1285517,0.41012300385369194,-0.08275063501463996,-0.21234093440903556
1712268673.1295707,0.11060572332806057,0.05735821194118924,-0.14334286252657572
1712268673.1305897,-0.19657995965745714,0.17541355556911892,-0.055431595279110804
1712268673.131609,-0.49743960301081336,0.2749023338158925,0.00796413773463832
1712268673.132628,-0.7636251052220662,0.37614266077677405,0.06961915228101942
1712268673.1336472,-0.9856798251469929,0.42868955267800224,0.11691135664780934
1712268673.1346662,-1.1565989918178983,0.4416511125034756,0.1438854303624895
1712268673.1356854,-1.2672760751512315,0.4654723736974928,0.1736619902981652
1712268673.1367044,-1.31981266869439,0.47458049323823714,0.19713294174936083
1712268673.1377237,-1.3212136427561443,0.4455045527882046,0.19327950146463183
1712268673.1387427,-1.2644741270277235,0.40486829148398507,0.15299354990323386
1712268673.1397617,-1.152746280034383,0.3722892204920451,0.11936354140440622
1712268673.140781,-0.991283721394009,0.3060801492797004,0.0801285273498959
1712268673.1418,-0.7839392291174995,0.24512575732337102,0.030734456247753568
1712268673.1428192,-0.5359664559364319,0.1974832514921824,-0.006397426542308595
1712268673.1438382,-0.2519185178809696,0.10815353857146369,-0.056132082309987806
1712268673.1448574,0.04965133551094267,-0.0018442538566887379,-0.11812527974446614
1712268673.1458764,0.35862704118092853,-0.10586674014727274,-0.17661604616377088
1712268673.1468956,0.6570933924780952,-0.1913262903690338,-0.20428531699710423
1712268673.1479146,0.918426579899258,-0.2925468153423733,-0.2291526562637753
1712268673.1489336,1.133518483903673,-0.3717019822862413,-0.2568219270971086
1712268673.149953,1.2908087836371527,-0.42739080058203804,-0.27608535355991787
1712268673.150972,1.3829410076141357,-0.4991908205880059,-0.2960492836104499
1712268673.1519911,1.402558618121677,-0.5366669429673089,-0.30900829368167454
1712268673.1530101,1.3563173347049289,-0.5216064386897616,-0.2935975458886888
1712268673.1540294,1.2386122014787462,-0.4855313234859043,-0.27293316192097133
1712268673.1550484,1.0613540808359783,-0.43719761901431614,-0.2659282750553555
1712268673.1560674,0.8329502741495768,-0.34928636418448555,-0.26242583990097046
1712268673.1570866,0.5660120646158854,-0.23335557844903734,-0.2312541173564063
1712268673.1581056,0.26439295874701607,-0.12057699263095856,-0.19693020317289564
1712268673.1591249,-0.05438086473279529,0.03423758265044954,-0.1485965152581533
1712268673.1601439,-0.3664483295546638,0.1911776264508565,-0.08205014798376295
1712268673.161163,-0.6529479556613498,0.30678076876534355,-0.03091451194551256
1712268673.162182,-0.9037227100796169,0.39716141091452706,0.014620076657997238
1712268673.1632013,-1.0904028018315632,0.48403895563549465,0.0671669633852111
1712268673.1642203,-1.219993167453342,0.5414902170499166,0.13863073454962835
1712268673.1652393,-1.2935443719228108,0.5484964781337314,0.17961730559666952
1712268673.1662586,-1.307203902138604,0.5544517768753899,0.2072920070754157
1712268673.1672776,-1.2679764959547255,0.5180192655987209,0.21815169188711378
1712268673.1682968,-1.1797149976094563,0.4384983248180813,0.19678261544969347
1712268673.1693158,-1.0466223292880588,0.36808547046449447,0.1701588597562578
1712268673.170335,-0.8690485689375136,0.29416951868269176,0.14493635959095424
1712268673.171354,-0.6543489297231039,0.1995851265059577,0.09764416350258721
1712268673.172373,-0.4028737213876512,0.08468259539869097,0.017072265553805564
1712268673.1733923,-0.11987650560008155,-0.009899867905510796,-0.0620862344900767
1712268673.1744113,0.17506324582629734,-0.11847553153832753,-0.12828235824902853
1712268673.1754305,0.4672239555252923,-0.22494971752166748,-0.19622971614201862
1712268673.1764495,0.7408180501725938,-0.2816892663637797,-0.24386290046903822
1712268673.1774688,0.9846356179979112,-0.3391293022367689,-0.27608535355991787
1712268673.1784878,1.1773074997795951,-0.4074268870883518,-0.31636344061957467
1712268673.179507,1.3135792149437797,-0.4477049575911628,-0.347535146607293
1712268673.180526,1.3885460959540472,-0.45155763626098633,-0.342631737391154
1712268673.181545,1.387495067384508,-0.44700447056028575,-0.31321121586693657
1712268673.1825643,1.3212860955132377,-0.425989826520284,-0.29429803291956586
1712268673.1835833,1.1920207076602511,-0.3660980860392253,-0.2606746223237779
1712268673.1846025,1.0081066025627983,-0.3195156322585212,-0.2295028997792138
1712268673.1856215,0.7677921321656969,-0.265578031539917,-0.19938190778096515
1712268673.1866407,0.4808861348364088,-0.1657584806283315,-0.15174870689709982
1712268673.1876597,0.16315261522928873,-0.050528177784548864,-0.09360820055007935
1712268673.188679,-0.16961115929815504,0.05070227301783032,-0.051578912470075816
1712268673.189698,-0.4890337586402893,0.1540444791316986,-0.03441695123910904
1712268673.190717,-0.7713304625617133,0.2689470185173882,0.00025726080315911933
1712268673.1917362,-1.0059940152698092,0.34671641058391994,0.03423758265044954
1712268673.1927552,-1.1835677093929715,0.4230845636791653,0.06366384112172656
1712268673.1937745,-1.2966965304480658,0.5043570862876045,0.10640197330050997
1712268673.1947935,-1.3439795706007216,0.5299298961957296,0.13092385398017034
1712268673.1958127,-1.3317210144466824,0.5222230156262716,0.13267541925112405
1712268673.1968317,-1.2634233633677165,0.5043570862876045,0.1302232344945272
1712268673.1978507,-1.141888697942098,0.4819370640648736,0.14318479432000053
1712268673.19887,-0.9786749548382229,0.4115242428249783,0.13863073454962835
1712268673.199889,-0.7713304625617133,0.3358567092153761,0.10955478582117292
1712268673.2009082,-0.5251088738441467,0.24582639336585999,0.07382290230857001
1712268673.2019272,-0.24876632624202305,0.10149759550889333,0.017072265553805564
1712268673.2029464,0.04299539658758375,-0.037218903501828514,-0.047375982006390885
1712268673.2039654,0.33690767155753243,-0.1531496975156996,-0.09500917461183336
1712268673.2049847,0.6161067883173624,-0.27188243137465584,-0.14649505416552225
1712268673.2060037,0.8669306172264947,-0.3874629735946655,-0.2147926390171051
1712268673.2070227,1.0781690809461806,-0.4666181405385335,-0.28764340612623424
1712268673.208042,1.2389625443352592,-0.512850350803799,-0.32546977202097577
1712268673.209061,1.3366997241973877,-0.5520776907602946,-0.35944345924589366
1712268673.2100801,1.3668266932169597,-0.5240581432978312,-0.3720522258016798
1712268673.2110991,1.3366997241973877,-0.46942008866204155,-0.3580424520704481
1712268673.2121184,1.2438669469621446,-0.4172337055206299,-0.347535146607293
1712268673.2131374,1.091480983628167,-0.35103758176167804,-0.32687074608272976
1712268673.2141564,0.8904015355639987,-0.24876632624202305,-0.2844912144872877
1712268673.2151756,0.6364249520831637,-0.13493700159920585,-0.2060365511311425
1712268673.2161946,0.34566548135545516,-0.0326657315923108,-0.1394901672999064
1712268673.2172139,0.032836331261528864,0.08888634542624156,-0.07364428705639309
1712268673.2182329,-0.27608535355991787,0.18907575143708122,-0.0120013321025504
1712268673.219252,-0.5688893795013428,0.25213201840718585,0.033536956955989204
1712268673.220271,-0.8343744277954102,0.325697660446167,0.0801285273498959
1712268673.2212903,-1.0487237903806899,0.39015518294440377,0.12952260673046112
1712268673.2223094,-1.2112369802263048,0.4318423734770881,0.16070043047269186
1712268673.2233284,-1.315259536107381,0.4370970527331034,0.15684699018796286
1712268673.2243476,-1.3481824927859836,0.45391205284330577,0.14423574010531107
1712268673.2253666,-1.321563853157891,0.4416511125034756,0.13898104429244995
1712268673.2263858,-1.2424087524414062,0.4136261012819078,0.11270759834183587
1712268673.2274048,-1.1114174789852567,0.4097726609971788,0.09764416350258721
1712268673.228424,-0.9296407964494493,0.3694867425494724,0.07522415783670214
1712268673.229443,-0.7037333647410074,0.289265149169498,0.02898289304640558
1712268673.2304623,-0.44140054119957817,0.1999354362487793,-0.02320914218823115
1712268673.2314813,-0.14544432361920676,0.11165666083494821,-0.056132082309987806
1712268673.2325003,0.1621016694439782,-0.003945718312429057,-0.08064916564358605
1712268673.2335196,0.46266986264122856,-0.1254804101255205,-0.127231627702713
1712268673.2345386,0.7478243112564087,-0.22529996103710598,-0.16610872414377
1712268673.2355578,0.9958456622229682,-0.34543368551466197,-0.20988922980096605
1712268673.2365768,1.1899187829759386,-0.45681128899256385,-0.2533194919427236
1712268673.237596,1.3212860955132377,-0.5139010813501146,-0.27678584059079486
1712268673.238615,1.383641693327162,-0.540869865152571,-0.28624243206448025
1712268673.239634,1.3745335737864177,-0.5548796388838027,-0.29955171876483494
1712268673.2406533,1.3048213058047824,-0.5373674299981859,-0.3244190414746602
1712268673.2416723,1.1783585283491347,-0.4715215497546726,-0.3219673368665907
1712268673.2426915,0.9937437375386555,-0.39937125311957467,-0.30305415391921997
1712268673.2437105,0.7558815346823798,-0.2893946237034268,-0.27748632762167186
1712268673.2447298,0.477733314037323,-0.13423651456832886,-0.22214776939815944
1712268673.2457488,0.17716512084007263,-9.303357930750483e-05,-0.16961115929815504
1712268673.246768,-0.13458675808376735,0.12251635392506917,-0.12162772317727406
1712268673.247787,-0.43299469682905406,0.24197295308113098,-0.06769013901551564
1712268673.248806,-0.7033830881118774,0.36318110095130074,0.012518201644221941
1712268673.2498252,-0.9369958771599664,0.43044113450580174,0.0839819676346249
1712268673.2508442,-1.1173715856340196,0.49209614594777423,0.13302572899394566
1712268673.2518635,-1.2392565939161513,0.5285286572244432,0.17856637636820474
1712268673.2528825,-1.300549242231581,0.4991023739178975,0.193980120950275
1712268673.2539017,-1.307904322942098,0.47142770555284286,0.19327950146463183
1712268673.2549207,-1.2595706515842013,0.4448039333025614,0.19888449046346876
1712268673.2559397,-1.1657052569919162,0.39400862322913277,0.18662355012363857
1712268673.256959,-1.0291100872887504,0.3172901603910658,0.13898104429244995
1712268673.257978,-0.8413792981041802,0.24442513783772785,0.07172102729479472
1712268673.2589972,-0.6067157453960842,0.1659551097287072,0.017072265553805564
1712268673.2600162,-0.33982978926764595,0.0629632133576605,-0.048076469037267894
1712268673.2610354,-0.04877696020735635,-0.014102796299590005,-0.10621698366271125
1712268673.2620544,0.25598545869191486,-0.08520233962270948,-0.1538501845465766
1712268673.2630737,0.5555027061038547,-0.18712336818377176,-0.21374190847078958
1712268673.2640927,0.8304980728361342,-0.2830902404255337,-0.2687302397357093
1712268673.2651117,1.0655578639772203,-0.3464844160609775,-0.3013029363420274
1712268673.266131,1.2456185287899442,-0.3979702790578206,-0.29920147524939644
1712268673.26715,1.3580689165327284,-0.4480552011066013,-0.307257076104482
1712268673.2681692,1.402908828523424,-0.45611080196168685,-0.30480537149641246
1712268673.2691882,1.3811894257863362,-0.46031372414694893,-0.2935975458886888
1712268673.2702074,1.2960635291205511,-0.4666181405385335,-0.28554194503360325
1712268673.2712264,1.1426266034444172,-0.42388836542765296,-0.2596238917774624
1712268673.2722456,0.9331396553251479,-0.3478853901227315,-0.2158433695634206
1712268673.2732646,0.6672524081336128,-0.25857316123114693,-0.1762658026483324
1712268673.2742836,0.36633392175038654,-0.166809211174647,-0.15770286321640015
1712268673.275303,0.047199146615134344,-0.03686865998639001,-0.13283553222815195
1712268673.276322,-0.27153218785921734,0.08293103012773725,-0.09010575711727142
1712268673.2773411,-0.5741430653466119,0.2037888765335083,-0.052279399500952825
1712268673.2783601,-0.8424299955368042,0.34566548135545516,0.002359136318167051
1712268673.2793794,-1.053627199596829,0.4486573735872904,0.05385508553849326
1712268673.2803984,-1.2070340580410428,0.5057583252588908,0.0839819676346249
1712268673.2814174,-1.2970467408498128,0.5414902170499166,0.11060572332806057
1712268673.2824366,-1.320162879096137,0.5653114451302422,0.14914010961850485
1712268673.2834556,-1.2917931874593098,0.5509486463334825,0.186273240380817
1712268673.2844748,-1.2133385075463188,0.5092614558007982,0.18872544169425964
1712268673.2854939,-1.0865501562754314,0.4640711347262064,0.18452167510986328
1712268673.286513,-0.9152807792027791,0.3635314106941223,0.15439480543136597
1712268673.287532,-0.7030328777101305,0.24337419205241734,0.10430009828673469
1712268673.2885513,-0.45400934086905587,0.14143322904904684,0.059109777212142944
1712268673.2895703,-0.17941799428727892,0.03143508194221391,0.009715700935986307
1712268673.2905893,0.10500072605080074,-0.09851161804464129,-0.058583791057268776
1712268673.2916086,0.39330797062979805,-0.21654387315114337,-0.14964724580446878
1712268673.2926276,0.6742586692174276,-0.3069068325890435,-0.2172443601820204
1712268673.2936468,0.9205284383561876,-0.39937125311957467,-0.27643559707535637
1712268673.2946658,1.1233594682481554,-0.45435958438449436,-0.32301806741290623
1712268673.295685,1.2687391704983182,-0.4610142111778259,-0.34228149387571544
1712268673.296704,1.3538650671641033,-0.47082106272379554,-0.3566414780086941
1712268673.2977233,1.372431649102105,-0.46942008866204155,-0.3699507647090488
1712268673.2987423,1.3303942150539823,-0.43754786252975464,-0.3625956508848402
1712268673.2997613,1.2245998117658827,-0.3713517387708028,-0.3149624334441291
1712268673.3007805,1.056449744436476,-0.3160131639904446,-0.26312632693184745
1712268673.3017995,0.8350521326065063,-0.22424923049079046,-0.2154931260479821
1712268673.3028188,0.5663624074723985,-0.12232821020815107,-0.15805310673183864
1712268673.3038378,0.2682463990317451,-0.05122866895463731,-0.1118208881881502
1712268673.304857,-0.05087842129998737,0.040893521573808454,-0.06628916081455019
1712268673.305876,-0.3699507647090488,0.15194260411792332,-0.0014940098238488038
1712268673.306895,-0.666607485877143,0.24582639336585999,0.05420539942052629
1712268673.3079143,-0.9282398223876953,0.3169398506482442,0.07872728010018666
1712268673.3089333,-1.1292799313863118,0.3834992316034105,0.0878354079193539
1712268673.3099525,-1.2665755218929715,0.4370970527331034,0.11060572332806057
1712268673.3109715,-1.3373249106936984,0.45566363467110527,0.12111510667535993
1712268673.3119907,-1.3492331239912245,0.48999425437715316,0.131974791487058
1712268673.3130097,-1.301600005891588,0.5061086350017123,0.14423574010531107
1712268673.314029,-1.1996789773305256,0.47247863478130764,0.12917229698763952
1712268673.315048,-1.0494242774115667,0.4178298513094584,0.09554228848881191
1712268673.316067,-0.8476836813820733,0.36423203017976546,0.06821790503131019
1712268673.3170862,-0.6081167194578383,0.28751356734169853,0.05735821194118924
1712268673.3181052,-0.3380785716904534,0.17506324582629734,0.01812320202589035
1712268673.3191245,-0.04457402974367142,0.07137071755197313,-0.024610118319590885
1712268673.3201435,0.2598388824197981,-0.05788330402639177,-0.076446243458324
1712268673.3211627,0.5541014671325684,-0.21409215198622808,-0.1387896802690294
1712268673.3221817,0.8210396766662598,-0.33212439881430733,-0.1895750727918413
1712268673.3232007,1.0462906625535753,-0.421786904335022,-0.22284825642903644
1712268673.32422,1.2144406636555989,-0.49673911597993636,-0.25787265764342415
1712268673.325239,1.3202350669436984,-0.5569810999764336,-0.3069068325890435
1712268673.3262582,1.3678775893317328,-0.5639859702852037,-0.34228149387571544
1712268673.3272772,1.3514129320780437,-0.5555801259146796,-0.3538395298851861
1712268673.3282964,1.271891991297404,-0.5132005943192376,-0.3559409909778171
1712268673.3293154,1.130365663104587,-0.40637615654203624,-0.3296726942062378
1712268673.3303347,0.9355918566385905,-0.30060244931115043,-0.29464827643500435
1712268673.3313537,0.6942264901267158,-0.19552922911114162,-0.26207559638553196
1712268673.3323727,0.41397644413842094,-0.07854770455095503,-0.2196960647900899
1712268673.333392,0.11621072888374329,0.06156196196873982,-0.14754578471183777
1712268673.334411,-0.19622971614201862,0.1778657403257158,-0.061735990974638194
1712268673.3354301,-0.49638887246449787,0.27910606728659737,0.001658511141108142
1712268673.3364491,-0.7636251052220662,0.37999610106150306,0.06611602587832345
1712268673.3374684,-0.9856798251469929,0.4230845636791653,0.11691135664780934
1712268673.3384874,-1.155898438559638,0.4377976722187466,0.14808918039004007
1712268673.3395066,-1.2665755218929715,0.46477175421184963,0.1813688708676232
1712268673.3405256,-1.31981266869439,0.46792457501093543,0.20624106129010517
1712268673.3415446,-1.31981266869439,0.4381479819615682,0.19678261544969347
1712268673.3425639,-1.2627229425642226,0.40136516094207764,0.15579604440265232
1712268673.3435829,-1.1481930149926078,0.3705376717779371,0.12461822893884447
1712268673.344602,-0.986030101776123,0.30818204085032147,0.08188009262084961
1712268673.345621,-0.7793860965304904,0.25423389342096114,0.033536956955989204
1712268673.3466403,-0.5310630467202928,0.2072920070754157,-0.0018442538566887379
1712268673.3476593,-0.24561411804623073,0.11971385114722781,-0.05368037356270684
1712268673.3486784,0.05350477579567167,0.010766638442873955,-0.11777503622902764
1712268673.3496976,0.3614295522371928,-0.08835453954007891,-0.17206286390622458
1712268673.3507166,0.6584946314493815,-0.17381409804026285,-0.19412823849254185
1712268673.3517358,0.918426579899258,-0.2830902404255337,-0.22179752588272095
1712268673.3527548,1.1349197228749592,-0.3615449203385247,-0.25051754381921554
1712268673.353774,1.291509469350179,-0.42213714785046047,-0.2708317008283403
1712268673.354793,1.3860938284132216,-0.4995410641034444,-0.2932473023732503
1712268673.3558123,1.407462888293796,-0.5279108550813463,-0.30340439743465847
1712268673.3568313,1.3587694697909884,-0.5139010813501146,-0.28764340612623424
1712268673.3578503,1.2424657079908583,-0.47747568951712716,-0.2666287620862325
1712268673.3588696,1.0638062821494207,-0.4308932357364231,-0.26207559638553196
1712268673.3598886,0.8382049534055922,-0.3384288152058919,-0.2564716835816701
1712268673.3609078,0.5688146087858412,-0.22705119517114428,-0.22074679533640543
1712268673.3619268,0.2654438879754808,-0.11357211404376559,-0.18642288115289476
1712268673.362946,-0.05262964301639133,0.04544758548339208,-0.13668821917639837
1712268673.363965,-0.3660980860392253,0.19888449046346876,-0.07119258244832356
1712268673.364984,-0.6529479556613498,0.310283899307251,-0.02250865308774842
1712268673.3660033,-0.8963676293690999,0.4034670525126987,0.01812320202589035
1712268673.3670223,-1.0865501562754314,0.4857905043496026,0.07102040780915155
1712268673.3680415,-1.217541429731581,0.5383373962508308,0.13722947902149624
1712268673.3690605,-1.2938945823245578,0.5467448963059319,0.17331168055534363
1712268673.3700798,-1.309305297003852,0.5519995755619472,0.19713294174936083
1712268673.3710988,-1.2697278128729925,0.5148664447996352,0.20448949601915148
1712268673.372118,-1.1828672885894775,0.43149206373426646,0.18277012639575535
1712268673.373137,-1.0476730267206829,0.3635314106941223,0.15894886520173815
1712268673.374156,-0.8707997534010146,0.2934688991970486,0.1337263567580117
1712268673.3751752,-0.6585518519083658,0.19538137647840711,0.08923665516906314
1712268673.3761942,-0.40987859169642127,0.07767634259329902,0.010066013783216476
1712268673.3772135,-0.1261808971563975,-0.019356457309590444,-0.06593891729911168
1712268673.3782325,0.1701588597562578,-0.13248528871271345,-0.13248528871271345
1712268673.3792517,0.466172993183136,-0.23230484790272182,-0.2028843429353502
1712268673.3802707,0.741518669658237,-0.2883438931571113,-0.24771559569570753
1712268673.38129,0.987438162167867,-0.35103758176167804,-0.28554194503360325
1712268673.382309,1.1808106634351943,-0.41408151388168335,-0.32757123311360675
1712268673.383328,1.314630111058553,-0.45400934086905587,-0.35839272869957817
1712268673.3843472,1.3885460959540472,-0.4498064186837938,-0.3534892863697476
1712268673.3853662,1.387495067384508,-0.4477049575911628,-0.32722098959816825
1712268673.3863854,1.3212860955132377,-0.41898492309782237,-0.30935853719711304
1712268673.3874044,1.1941224998897977,-0.35944345924589366,-0.27293316192097133
1712268673.3884237,1.0060046778784857,-0.3205663628048367,-0.23825900422202215
1712268673.3894427,0.764289034737481,-0.265578031539917,-0.20533604754341972
1712268673.3904617,0.4780836237801446,-0.1629565159479777,-0.1510482198662228
1712268673.391481,0.15964948468738133,-0.05823354754183027,-0.09255747000376384
1712268673.3925,-0.17066188984447056,0.047199146615134344,-0.05262964301639133
1712268673.3935192,-0.48763278457853526,0.15194260411792332,-0.03021402284502983
1712268673.3945382,-0.7674777507781982,0.26299170321888393,0.006913200227750672
1712268673.3955574,-1.0038925541771782,0.34251266055636936,0.03914195630285475
1712268673.3965764,-1.1811159716712103,0.42483611239327324,0.06996946202384101
1712268673.3975956,-1.2928438186645508,0.5061086350017123,0.10920447607835133
1712268673.3986146,-1.3401268588172064,0.5379870865080092,0.13127417200141483
1712268673.3996336,-1.3271677494049072,0.5316814449098375,0.13267541925112405
1712268673.400653,-1.2578194671207004,0.5225733253690932,0.13057354423734877
1712268673.401672,-1.13838619656033,0.497000515460968,0.14914010961850485
1712268673.4026911,-0.9751725196838379,0.4234348734219869,0.14178353879186842
1712268673.4037101,-0.7688787248399522,0.34636610084109837,0.11305791636308034
1712268673.4047294,-0.5237078997823927,0.24932950735092163,0.0780266523361206
1712268673.4057484,-0.24736533562342325,0.10149759550889333,0.020575390921698675
1712268673.4067674,0.0440463340944714,-0.03511743826998605,-0.04142183396551344
1712268673.4077866,0.3404107689857483,-0.1531496975156996,-0.0880042960246404
1712268673.4088056,0.6206608480877346,-0.2690804832511478,-0.1394901672999064
1712268673.4098248,0.8697330951690674,-0.3874629735946655,-0.20918874277008903
1712268673.4108438,1.0792200432883368,-0.4617146982087029,-0.2792375617557102
1712268673.411863,1.2396632300482855,-0.5142513248655531,-0.31741417116589016
1712268673.412882,1.3384513060251872,-0.5468240049150255,-0.3524385558234321
1712268673.4139013,1.3706800672743056,-0.5153020554118686,-0.3608444333076477
1712268673.4149203,1.3384513060251872,-0.4610142111778259,-0.3457839290301005
1712268673.4159393,1.2473701106177435,-0.41548248794343734,-0.3377283281750149
1712268673.4169586,1.0946338044272528,-0.3450834419992235,-0.31881514522764415
1712268673.4179776,0.8928537368774414,-0.24351265695359972,-0.27608535355991787
1712268673.4189968,0.6392274300257365,-0.13423651456832886,-0.2018336123890347
1712268673.4200158,0.34951892164018417,-0.03511743826998605,-0.14089114136166042
1712268673.421035,0.04019289794895384,0.0899372829331292,-0.07749697400463952
1712268673.422054,-0.2690804832511478,0.18487200140953064,-0.017605237662792206
1712268673.4230733,-0.5660874313778347,0.24512575732337102,0.025479766643709607
1712268673.4240923,-0.8343744277954102,0.32289514938990277,0.07207134531603919
1712268673.4251113,-1.052226225535075,0.3870023621453179,0.1260194761885537
1712268673.4261305,-1.214389271206326,0.4223839441935221,0.15544573465983072
1712268673.4271495,-1.316310167312622,0.4349951942761739,0.15089167488945854
1712268673.4281688,-1.3488829135894775,0.4542623625861274,0.14598730537626478
1712268673.4291878,-1.3212136427561443,0.4384983248180813,0.14248417483435735
1712268673.430207,-1.2427589628431532,0.4136261012819078,0.12006416916847229
1712268673.431226,-1.1107169919543796,0.40486829148398507,0.10675229132175446
1712268673.432245,-0.9264885716968112,0.3610792424943712,0.08047884537114038
1712268673.4332643,-0.7037333647410074,0.28260919782850474,0.03388726876841651
1712268673.4342833,-0.4396493236223856,0.19257886542214286,-0.021107676956388686
1712268673.4353025,-0.14264237549569872,0.10955478582117292,-0.054731108248233795
1712268673.4363215,0.16350292497211033,-0.0070979151253898936,-0.0876540525092019
1712268673.4373407,0.4651220639546712,-0.12337894075446658,-0.1384394367535909
1712268673.4383597,0.7471236917707655,-0.22319849994447497,-0.17731653319464788
1712268673.439379,0.9919922219382392,-0.3478853901227315,-0.22354874345991346
1712268673.440398,1.1853647232055664,-0.45576055844624835,-0.266979005601671
1712268673.441417,1.3153306643168132,-0.512149863772922,-0.28554194503360325
1712268673.4424362,1.380138529671563,-0.5436718132760789,-0.2921965718269348
1712268673.4434552,1.372431649102105,-0.5604835351308187,-0.305856102042728
1712268673.4444745,1.3037704096900091,-0.542971326245202,-0.3286219636599223
1712268673.4454935,1.1776578426361084,-0.4771254460016886,-0.3219673368665907
1712268673.4465127,0.9944443570242988,-0.4091781046655443,-0.3020034233729045
1712268673.4475317,0.7593846321105957,-0.29079559776518077,-0.27258291840553284
1712268673.4485507,0.4847395751211378,-0.13598773214552137,-0.21619362963570488
1712268673.44957,0.18312043613857693,-0.005346694443788793,-0.16856042875183952
1712268673.450589,-0.12793211473359,0.11656103862656488,-0.125830653640959
1712268673.4516082,-0.42739080058203804,0.24862888786527845,-0.06874086956183116
1712268673.4526272,-0.6998806529574924,0.3677351607216729,0.016021327012115054
1712268673.4536464,-0.9362953901290894,0.43919894430372447,0.08188009262084961
1712268673.4546654,-1.1159706115722656,0.5001533362600539,0.1316244817442364
1712268673.4556847,-1.23610430293613,0.5320317546526591,0.17085949579874674
1712268673.4567037,-1.299498478571574,0.5033061239454482,0.1876744959089491
1712268673.4577227,-1.306153138478597,0.4735295640097724,0.1897763709227244
1712268673.458742,-1.2585200203789604,0.4448039333025614,0.197833561235004
1712268673.459761,-1.1678067843119304,0.3922570414013333,0.1859229306379954
1712268673.4607801,-1.0280593898561265,0.3137870298491584,0.1361785415146086
1712268673.4617991,-0.8392778370115492,0.24757794207996792,0.07207134531603919
1712268673.4628184,-0.6032133102416992,0.16700605551401773,0.020225079109271366
1712268673.4638374,-0.33597707748413086,0.06856821477413177,-0.04492427325910992
1712268673.4648566,-0.04387354271279441,-0.0049964504109488595,-0.09886186156007978
1712268673.4658756,0.2584376434485118,-0.07994867861270905,-0.14509408010376823
1712268673.4668946,0.5579549074172974,-0.18186969889534843,-0.2060365511311425
1712268673.4679139,0.8294471767213609,-0.2743341359827253,-0.2599741352929009
1712268673.4689329,1.0652075211207073,-0.34053027629852295,-0.2914960847960578
1712268673.469952,1.2435166041056316,-0.3941176003879971,-0.29079559776518077
1712268673.470971,1.357017887963189,-0.4477049575911628,-0.3027039104037815
1712268673.4719903,1.403259171379937,-0.45155763626098633,-0.3020034233729045
1712268673.4730093,1.3822404543558757,-0.4613644546932644,-0.2960492836104499
1712268673.4740283,1.2939616044362385,-0.47082106272379554,-0.2900951107343038
1712268673.4750476,1.1422762605879042,-0.42388836542765296,-0.2645273009936015
1712268673.4760666,0.9313881397247314,-0.344733198483785,-0.22214776939815944
1712268673.4770858,0.6669021315044826,-0.2606746223237779,-0.18502190709114075
1712268673.4781048,0.36423203017976546,-0.1626062724325392,-0.166809211174647
1712268673.479124,0.04754946049716737,-0.03091451194551256,-0.13318577574359045
1712268673.480143,-0.27328340543640983,0.08678447041246626,-0.08695356547832489
1712268673.4811623,-0.577645500500997,0.2076423168182373,-0.045975007944636874
1712268673.4821813,-0.8445314566294352,0.3474170300695631,0.011817575949761603
1712268673.4832003,-1.0543276866277058,0.44620517227384776,0.06436446474658118
1712268673.4842196,-1.2073842684427898,0.49665020571814644,0.09659322599569956
1712268673.4852386,-1.2931941615210638,0.5313311351670159,0.12041447891129388
1712268673.4862578,-1.3194624582926433,0.5618083477020264,0.15824824571609497
1712268673.4872768,-1.2900418705410428,0.5435920755068461,0.19082731670803493
1712268673.488296,-1.2140389283498128,0.5078602168295119,0.19047699040836757
1712268673.489315,-1.0890018277698092,0.4616189334127638,0.1813688708676232
1712268673.4903343,-0.9124788310792711,0.3635314106941223,0.14668792486190796
1712268673.4913533,-0.7026826010810004,0.24897919760810003,0.09449135098192427
1712268673.4923723,-0.45611080196168685,0.14703823460472953,0.051402900781896375
1712268673.4933915,-0.18327067295710245,0.03563883403937022,0.003760386672284868
1712268673.4944105,0.10149759550889333,-0.09395844406551784,-0.06348720855183071
1712268673.4954298,0.38945453034506905,-0.2130414214399126,-0.15209895041253832
1712268673.4964488,0.6690039899614122,-0.306556589073605,-0.2151428825325436
1712268673.497468,0.918426579899258,-0.4084776176346673,-0.27153218785921734
1712268673.498487,1.1195059617360432,-0.4582122630543179,-0.31636344061957467
1712268673.499506,1.2662869029574924,-0.46346591578589547,-0.33492634693781537
1712268673.5005252,1.3514129320780437,-0.47992739412519664,-0.35103758176167804
1712268673.5015442,1.3741832309299045,-0.47852642006344265,-0.3660980860392253
1712268673.5025635,1.3324960072835286,-0.43859859307607013,-0.35909321573045516
1712268673.5035825,1.226701603995429,-0.37450393040974933,-0.31286097235149807
1712268673.5046017,1.0571503639221191,-0.31321121586693657,-0.2690804832511478
1712268673.5056207,0.8350521326065063,-0.22004630830552843,-0.22214776939815944
1712268673.50664,0.5667126841015285,-0.12022674911552005,-0.16610872414377
1712268673.507659,0.2654438879754808,-0.05017793426911036,-0.12127747966183557
1712268673.508678,-0.0557818387945493,0.043345710469616786,-0.07224331299463908
1712268673.5096972,-0.3720522258016798,0.15474511517418754,-0.0102501114209493
1712268673.5107162,-0.6746631198459201,0.24512575732337102,0.04264508270555072
1712268673.5117354,-0.9320924679438273,0.310283899307251,0.0668166536423895
1712268673.5127544,-1.1327823003133137,0.38174768288930255,0.08117946485678355
1712268673.5137737,-1.2665755218929715,0.43044113450580174,0.10710260106457604
1712268673.5147927,-1.3387258847554524,0.4504089223013984,0.1158604191409217
1712268673.5158117,-1.3516848617129855,0.48894332514868843,0.12847166922357348
1712268673.516831,-1.301249795489841,0.5033061239454482,0.14038229982058206
1712268673.51785,-1.1979277928670247,0.47423018349541557,0.1253188567029105
1712268673.5188692,-1.0473228163189359,0.42273425393634373,0.09869510100947486
1712268673.5198882,-0.8434807591968112,0.37018736203511554,0.07557446757952373
1712268673.5209074,-0.6039137972725762,0.29276827971140545,0.06436446474658118
1712268673.5219264,-0.33632732099956936,0.1813688708676232,0.020225079109271366
1712268673.5229456,-0.042822808027267456,0.08152978287802802,-0.022858898672792647
1712268673.5239646,0.2622910837332408,-0.054731108248233795,-0.0750452611181471
1712268673.5249836,0.5576045645607842,-0.21023947331640455,-0.1387896802690294
1712268673.526003,0.8241924974653456,-0.32301806741290623,-0.18922482927640277
1712268673.527022,1.0480422443813748,-0.41408151388168335,-0.22354874345991346
1712268673.5280411,1.2147910065121121,-0.49358692434098983,-0.26242583990097046
1712268673.5290601,1.3205854098002117,-0.5510269602139791,-0.31811465819676715
1712268673.5300794,1.368928485446506,-0.5520776907602946,-0.347535146607293
1712268673.5310984,1.35281417104933,-0.5419205956988864,-0.3552405039469401
1712268673.5321176,1.2715416484408908,-0.4946376548873054,-0.3538395298851861
1712268673.5331366,1.130365663104587,-0.3955185744497511,-0.3233683109283447
1712268673.5341556,0.9352415800094604,-0.2921965718269348,-0.28589218854904175
1712268673.5351748,0.6889718108707004,-0.19693020317289564,-0.2515682743655311
1712268673.5361938,0.4136261012819078,-0.07959843509727053,-0.20673703816201952
1712268673.537213,0.11551010111967722,0.06121165222591824,-0.13248528871271345
1712268673.538232,-0.19342775146166483,0.17471293608347574,-0.05122866895463731
1712268673.5392513,-0.4939371678564283,0.28155826860004,0.010766638442873955
1712268673.5402703,-0.7615236441294352,0.3792954815758599,0.07382290230857001
1712268673.5412893,-0.985329614745246,0.4185305039087931,0.11621072888374329
1712268673.5423086,-1.1569492022196453,0.4342945416768392,0.14108291930622524
1712268673.5433276,-1.2686770492129855,0.4612686236699422,0.17191042502721152
1712268673.5443468,-1.320162879096137,0.4672239555252923,0.19468074043591815
1712268673.5453658,-1.3236653804779053,0.4395492540465461,0.18697387642330593
1712268673.546385,-1.2665755218929715,0.40451798174116343,0.14668792486190796
1712268673.547404,-1.152396069632636,0.3712382912635803,0.11971385114722781
1712268673.5484233,-0.9916339980231391,0.30082547002368504,0.0801285273498959
1712268673.5494423,-0.7828885316848755,0.25073076287905377,0.03704008128907945
1712268673.5504613,-0.5352659689055549,0.20063605573442247,0.004811324696573946
1712268673.5514805,-0.25051754381921554,0.10535103579362233,-0.04702573849095239
1712268673.5524995,0.05210352440675099,-0.004295962345268991,-0.10936918358008066
1712268673.5535188,0.36213017172283596,-0.10376527905464172,-0.164707750082016
1712268673.5545378,0.6591952509350246,-0.1916765338844723,-0.1899253163072798
1712268673.555557,0.9205284383561876,-0.2971000141567654,-0.22074679533640543
1712268673.556576,1.1342191696166992,-0.3703010082244873,-0.2533194919427236
1712268673.557595,1.2901082303788927,-0.4305429922209846,-0.27608535355991787
1712268673.5586143,1.3808392153845892,-0.5044444733195834,-0.29955171876483494
1712268673.5596333,1.402208275265164,-0.5359664559364319,-0.3118102418051826
1712268673.5606525,1.3549160957336426,-0.5198552211125692,-0.29955171876483494
1712268673.5616715,1.2358097235361736,-0.4886835151248508,-0.28098877933290267
1712268673.5626907,1.0571503639221191,-0.44245127174589366,-0.27713608410623336
1712268673.5637097,0.8287465572357178,-0.34893612066904706,-0.2687302397357093
1712268673.564729,0.5621586243311564,-0.23685801360342237,-0.23265509141816032
1712268673.565748,0.26018920871946544,-0.12267845372358957,-0.19482874208026463
1712268673.566767,-0.05823354754183027,0.03844133267800013,-0.14054089784622192
1712268673.5677862,-0.3667985730701023,0.1897763709227244,-0.07574574814902411
1712268673.5688052,-0.6508464945687188,0.30047516028086346,-0.028813046713670094
1712268673.5698245,-0.897068116399977,0.3908558024300469,0.016021327012115054
1712268673.5708435,-1.0830476548936632,0.4812364445792304,0.07277196480168237
1712268673.5718627,-1.2154399024115667,0.5358851949373881,0.14248417483435735
1712268673.5728817,-1.2924936082628038,0.5470952060487535,0.1775154305828942
1712268673.573901,-1.3068536917368572,0.5569039450751411,0.20273793074819776
1712268673.57492,-1.2669258647494845,0.5138155155711703,0.20659137103292677
1712268673.575939,-1.1800653404659696,0.4339442319340176,0.1859229306379954
1712268673.5769582,-1.0494242774115667,0.37018736203511554,0.16315261522928873
1712268673.5779772,-0.8715002404318916,0.2945198284255134,0.13687916927867466
1712268673.5789964,-0.6585518519083658,0.19468074043591815,0.08643416066964467
1712268673.5800154,-0.40637615654203624,0.08363165789180331,0.003760386672284868
1712268673.5810347,-0.12407943606376648,-0.008849135289589563,-0.06769013901551564
1712268673.5820537,0.1740123000409868,-0.12372919254832797,-0.13213504519727495
1712268673.5830727,0.4693258139822218,-0.22319849994447497,-0.19903166426552665
1712268673.584092,0.7443212138281928,-0.27713608410623336,-0.2417614393764072
1712268673.585111,0.9881387816535102,-0.3391293022367689,-0.27573511004447937
1712268673.5861301,1.1825622452629936,-0.40392445193396675,-0.31671368413501316
1712268673.5871491,1.3191841708289251,-0.43894883659150863,-0.344032711452908
1712268673.5881684,1.39134857389662,-0.43859859307607013,-0.33247464232974583
1712268673.5891874,1.3927498128679063,-0.4403498106532627,-0.3069068325890435
1712268673.5902066,1.3254898124270968,-0.41548248794343734,-0.2893946237034268
1712268673.5912256,1.1969251102871366,-0.3601439462767707,-0.2568219270971086
1712268673.5922446,1.010909080505371,-0.3202161192893982,-0.22740143868658277
1712268673.5932639,0.7688430945078532,-0.26242583990097046,-0.19903166426552665
1712268673.5942829,0.4836886458926731,-0.15980432430903116,-0.1485965152581533
1712268673.595302,0.16560479998588562,-0.048076469037267894,-0.09430868758095635
1712268673.596321,-0.16610872414377,0.04825008412202199,-0.05683257348007626
1712268673.5973403,-0.4855313234859043,0.15894886520173815,-0.038970125218232475
1712268673.5983593,-0.7713304625617133,0.2717495130168067,0.0013081985525786877
1712268673.5993783,-1.0052935282389324,0.3481176495552063,0.03458789446287685
1712268673.6003976,-1.1811159716712103,0.43604612350463867,0.06856821477413177
1712268673.6014166,-1.2938945823245578,0.5120639668570625,0.11270759834183587
1712268673.6024358,-1.3397766484154594,0.5316814449098375,0.1340766665008333
1712268673.6034548,-1.3289190663231742,0.5264267656538222,0.13898104429244995
1712268673.604474,-1.2599209944407146,0.5096117655436198,0.14108291930622524
1712268673.605493,-1.137335565355089,0.48228737380769515,0.15579604440265232
1712268673.6065123,-0.9772739807764689,0.40837142202589244,0.14668792486190796
1712268673.6075313,-0.7695792118708292,0.3344554702440898,0.11340822610590193
1712268673.6085503,-0.5261596043904623,0.23776920305358037,0.07417322032981448
1712268673.6095695,-0.25086778733465404,0.0902875926759508,0.011467264137334293
1712268673.6105886,0.03914195630285475,-0.041071590450074934,-0.05122866895463731
1712268673.6116078,0.3344554702440898,-0.15630188915464613,-0.10096332265271081
1712268673.6126268,0.6108521090613471,-0.27678584059079486,-0.1545506715774536
1712268673.613646,0.860624975628323,-0.3934171133571201,-0.2284521692328983
1712268673.614665,1.0697615808910794,-0.46451667944590247,-0.29534879657957286
1712268673.6156843,1.2302047676510282,-0.5181040035353767,-0.3328248858451843
1712268673.6167033,1.3293431864844427,-0.5538289083374871,-0.36434686846203274
1712268673.6177223,1.3629731867048476,-0.5223069257206386,-0.3703010082244873
1712268673.6187415,1.333547035853068,-0.4729225238164266,-0.3552405039469401
1712268673.6197605,1.2424657079908583,-0.426690313551161,-0.3471849030918545
1712268673.6207798,1.091831260257297,-0.3601439462767707,-0.32722098959816825
1712268673.6217988,0.8921531173917983,-0.2515682743655311,-0.2788873182402717
1712268673.622818,0.6399280495113796,-0.14439359307289124,-0.2021838559044732
1712268673.623837,0.348818302154541,-0.03861988170279397,-0.14229213198026022
1712268673.624856,0.03563883403937022,0.08538322316275702,-0.07574574814902411
1712268673.6258752,-0.27608535355991787,0.1775154305828942,-0.020407189925511677
1712268673.6268942,-0.5723918146557277,0.24512575732337102,0.02337789162993431
1712268673.6279135,-0.8378768629497951,0.32429642147488064,0.0759247773223453
1712268673.6289325,-1.053627199596829,0.39155642191569007,0.1253188567029105
1712268673.6299517,-1.217891640133328,0.4279889331923591,0.15439480543136597
1712268673.6309707,-1.3191122478908963,0.4370970527331034,0.1477388540903727
1712268673.63199,-1.3516848617129855,0.45671456389957005,0.14423574010531107
1712268673.633009,-1.3243658012813992,0.43919894430372447,0.13722947902149624
1712268673.634028,-1.2420585420396593,0.42098267210854423,0.11831260389751858
1712268673.6350472,-1.1103667153252494,0.4181801941659715,0.10815353857146369
1712268673.6360662,-0.9275393353568183,0.3712382912635803,0.08223041064209408
1712268673.6370854,-0.7016319036483765,0.29101669788360596,0.03458789446287685
1712268673.6381044,-0.4340454273753696,0.20308825704786512,-0.016204260496629607
1712268673.6391237,-0.14124138487709892,0.11621072888374329,-0.04632525146007538
1712268673.6401427,0.16245199574364555,-0.0007935216934937569,-0.07469501760270861
1712268673.6411617,0.46687361266877914,-0.11602381865183511,-0.12197796669271257
1712268673.642181,0.7499261697133383,-0.22004630830552843,-0.16155554188622367
1712268673.6432,0.998998483022054,-0.3478853901227315,-0.20883849925465053
1712268673.6442192,1.1909698115454779,-0.4533088538381788,-0.2543702224890391
1712268673.6452382,1.322336991628011,-0.5096981591648525,-0.27643559707535637
1712268673.6462574,1.384342246585422,-0.5366669429673089,-0.28554194503360325
1712268673.6472764,1.3769857088724773,-0.5548796388838027,-0.3062063455581665
1712268673.6482956,1.3083244694603813,-0.5324640207820468,-0.3328248858451843
1712268673.6493146,1.180110110176934,-0.46801911460028756,-0.3244190414746602
1712268673.6503336,0.9954953193664551,-0.3979702790578206,-0.30935853719711304
1712268673.651353,0.7600852515962389,-0.2750346230136024,-0.27608535355991787
1712268673.652372,0.48333833614985144,-0.12477992309464349,-0.2168941166665819
1712268673.6533911,0.186273240380817,0.002359136318167051,-0.16610872414377
1712268673.6544101,-0.12828235824902853,0.12251635392506917,-0.11847553153832753
1712268673.6554294,-0.42739080058203804,0.24582639336585999,-0.05998476925823423
1712268673.6564484,-0.6984796788957384,0.3614295522371928,0.02407851732439465
1712268673.6574676,-0.9341939290364583,0.42763862344953746,0.08853603568341997
1712268673.6584866,-1.1131686634487576,0.49454831414752537,0.14038229982058206
1712268673.6595056,-1.233652565214369,0.5204714669121636,0.18101856112480164
1712268673.6605248,-1.2963463200463188,0.49069487386279637,0.1897763709227244
1712268673.6615438,-1.30580292807685,0.47072705295350814,0.1936298112074534
1712268673.662563,-1.2606214152442083,0.4434026943312751,0.19888449046346876
1712268673.663582,-1.1674564414554172,0.3922570414013333,0.1813688708676232
1712268673.6646013,-1.0287598768870037,0.3169398506482442,0.12882197896639505
1712268673.6656203,-0.8413792981041802,0.24932950735092163,0.06401415086454815
1712268673.6666393,-0.6088172064887153,0.1659551097287072,0.010416325595643785
1712268673.6676586,-0.3429819809065925,0.06471477862861422,-0.052979886531829834
1712268673.6686776,-0.05017793426911036,-0.003945718312429057,-0.10656722717814975
1712268673.6696968,0.25423389342096114,-0.08345112204551697,-0.15174870689709982
1712268673.6707158,0.5530505379041036,-0.1895750727918413,-0.20918874277008903
1712268673.671735,0.8283962143792046,-0.28519170151816475,-0.26207559638553196
1712268673.672754,1.0634559392929077,-0.34963660769992405,-0.2914960847960578
1712268673.6737733,1.2431662612491183,-0.4091781046655443,-0.2911458412806193
1712268673.6747923,1.3552663061353896,-0.4575117760234409,-0.30410488446553546
1712268673.6758113,1.399756007724338,-0.4652171664767795,-0.30410488446553546
1712268673.6768305,1.3790876335567899,-0.4732727673318651,-0.2956990400950114
1712268673.6778495,1.2922100226084392,-0.4757244719399346,-0.2900951107343038
1712268673.6788688,1.1370216475592718,-0.4249390959739685,-0.26487754450904
1712268673.6798878,0.9271843565834893,-0.346134172545539,-0.22319849994447497
1712268673.680907,0.660596489906311,-0.26207559638553196,-0.18712336818377176
1712268673.681926,0.3607288996378581,-0.1657584806283315,-0.17241310742166308
1712268673.6829453,0.040543207691775426,-0.030564266360468335,-0.13808919323815239
1712268673.6839643,-0.27783658769395614,0.0797782176070743,-0.09641014867358737
1712268673.6849833,-0.577645500500997,0.2058907515472836,-0.057182816995514765
1712268673.6860025,-0.8455822202894423,0.34951892164018417,0.0034100740837554135
1712268673.6870215,-1.0560788710912068,0.4416511125034756,0.05525633692741394
1712268673.6880407,-1.2084350321027968,0.4962998959753248,0.08538322316275702
1712268673.6890597,-1.2966965304480658,0.5351845754517449,0.11305791636308034
1712268673.690079,-1.3191122478908963,0.5635599295298258,0.15824824571609497
1712268673.691098,-1.2917931874593098,0.5421908365355598,0.19082731670803493
1712268673.692117,-1.2133385075463188,0.5057583252588908,0.19292919172181022
1712268673.6931362,-1.0858496030171711,0.4588164554701911,0.18522231115235221
1712268673.6941552,-0.915630989604526,0.3547736008961995,0.15299354990323386
1712268673.6951745,-0.7033830881118774,0.24022138781017727,0.10254853301578097
1712268673.6961935,-0.45541031493080986,0.14423574010531107,0.06261290361483891
1712268673.6972127,-0.18432142006026372,0.02933320485883289,0.011116951290104125
1712268673.6982317,0.10079697602325015,-0.1002628356218338,-0.06313696503639221
1712268673.699251,0.3922570414013333,-0.21374190847078958,-0.1545506715774536
1712268673.70027,0.6732077731026543,-0.3055058585272895,-0.22004630830552843
1712268673.701289,0.9208787149853176,-0.3979702790578206,-0.28133902284834117
1712268673.7023082,1.1237096786499023,-0.4403498106532627,-0.3233683109283447
1712268673.7033272,1.2690895133548312,-0.4533088538381788,-0.33982978926764595
1712268673.7043464,1.3563173347049289,-0.4673186275694105,-0.3566414780086941
1712268673.7053654,1.3745335737864177,-0.46801911460028756,-0.36714881658554077
1712268673.7063847,1.3342475891113281,-0.43299469682905406,-0.3538395298851861
1712268673.7074037,1.2284531858232286,-0.3713517387708028,-0.3027039104037815
1712268673.7084227,1.0585516028934054,-0.3153126769595676,-0.2550707095199161
1712268673.709442,0.8350521326065063,-0.22214776939815944,-0.20533604754341972
1712268673.710461,0.5702158477571275,-0.12898285355832842,-0.1503477328353458
1712268673.7114801,0.269997947745853,-0.059284282227357224,-0.10796820951832665
1712268673.7124991,-0.051578912470075816,0.03774070905314551,-0.0620862344900767
1712268673.7135184,-0.36854979064729476,0.14878979987568325,-0.0021944978895286718
1712268673.7145374,-0.666957762506273,0.2437245017952389,0.04754946049716737
1712268673.7155566,-0.9285900327894423,0.3127361006206936,0.06646633976035647
1712268673.7165756,-1.1296301417880588,0.38945453034506905,0.07872728010018666
1712268673.7175946,-1.2644741270277235,0.4367467429902818,0.10359947052266863
1712268673.7186139,-1.3390760951571994,0.458466112613678,0.10990510384241739
1712268673.7196329,-1.3481824927859836,0.4984017544322544,0.1239176011747784
1712268673.720652,-1.2966965304480658,0.5099620752864413,0.13722947902149624
1712268673.721671,-1.1975774500105116,0.47177801529566443,0.12461822893884447
1712268673.7226903,-1.0466223292880588,0.4195814331372579,0.09764416350258721
1712268673.7237093,-0.8462827073203193,0.3666842314932081,0.08082915511396196
1712268673.7247286,-0.6067157453960842,0.27945641014311046,0.06961915228101942
1712268673.7257476,-0.3373780846595764,0.1701588597562578,0.024779143018854987
1712268673.7267666,-0.04212232099639045,0.06751727726724413,-0.016904748562309477
1712268673.7277858,0.26299170321888393,-0.06874086956183116,-0.07154282596376207
1712268673.7288048,0.5551523963610331,-0.21864533424377441,-0.13598773214552137
1712268673.729824,0.8206893338097466,-0.33177415529886883,-0.18677312466833326
1712268673.730843,1.0452397002114189,-0.4182844360669454,-0.22319849994447497
1712268673.7318623,1.210587289598253,-0.4995410641034444,-0.26417705747816295
1712268673.7328813,1.3184834851158989,-0.5513772037294176,-0.31811465819676715
1712268673.7339003,1.3668266932169597,-0.5520776907602946,-0.346134172545539
1712268673.7349195,1.3479097684224446,-0.547174248430464,-0.35874297221501666
1712268673.7359385,1.268388827641805,-0.49708935949537486,-0.35839272869957817
1712268673.7369578,1.125461260477702,-0.39166589577992755,-0.32792147662904525
1712268673.7379768,0.9324390358395046,-0.29885123173395794,-0.29429803291956586
1712268673.738996,0.6917742888132731,-0.19833117723464966,-0.2606746223237779
1712268673.740015,0.4146770636240641,-0.07994867861270905,-0.2144423955016666
1712268673.7410343,0.11551010111967722,0.05805883970525529,-0.13668821917639837
1712268673.7420533,-0.19412823849254185,0.16945824027061462,-0.057182816995514765
1712268673.7430723,-0.49323668082555133,0.2759532630443573,0.007613825404809581
1712268673.7440915,-0.7625743415620592,0.3726395302348667,0.06996946202384101
1712268673.7451105,-0.987080799208747,0.4115242428249783,0.1158604191409217
1712268673.7461298,-1.157649623023139,0.4339442319340176,0.14528666933377585
1712268673.7471488,-1.2686770492129855,0.46266986264122856,0.17926699585384792
1712268673.748168,-1.3229648272196453,0.462319552898407,0.197833561235004
1712268673.749187,-1.3247161441379123,0.43149206373426646,0.18557262089517382
1712268673.750206,-1.2672760751512315,0.4034670525126987,0.14423574010531107
1712268673.7512252,-1.151695516374376,0.37369049257702297,0.11726166639063093
1712268673.7522442,-0.990233023961385,0.310283899307251,0.07522415783670214
1712268673.7532635,-0.7832387420866225,0.2622910837332408,0.03248601944910155
1712268673.7542825,-0.5331645078129238,0.21289699607425266,-0.002894986213909255
1712268673.7553017,-0.24876632624202305,0.11971385114722781,-0.058583791057268776
1712268673.7563207,0.053154461913638644,0.00796413773463832,-0.12022674911552005
1712268673.75734,0.36248048146565753,-0.08485209610727099,-0.16856042875183952
1712268673.758359,0.6588449080785116,-0.1776667767100864,-0.18572239412201774
1712268673.759378,0.9191271993849013,-0.28659267557991874,-0.2175946036974589
1712268673.7603972,1.1349197228749592,-0.3604941897922092,-0.24526387453079224
1712268673.7614162,1.291159126493666,-0.42774104409747654,-0.2652277880244785
1712268673.7624354,1.3853932751549614,-0.5051449603504604,-0.2886941366725498
1712268673.7634544,1.403259171379937,-0.5282610985967848,-0.2967497706413269
1712268673.7644737,1.3563173347049289,-0.5153020554118686,-0.2827399969100952
1712268673.7654927,1.2396632300482855,-0.4806278811560737,-0.2694307267665863
1712268673.766512,1.0627553198072646,-0.4340454273753696,-0.2701312137974633
1712268673.767531,0.8378546767764621,-0.33562683396869236,-0.26277608341640896
1712268673.76855,0.568113989300198,-0.2295028997792138,-0.2305536303255293
1712268673.7695692,0.2640426324473487,-0.10831845303376515,-0.19833117723464966
1712268673.7705882,-0.05333013004726834,0.05665758831633462,-0.1436931060420142
1712268673.7716074,-0.3657478425237867,0.20624106129010517,-0.07959843509727053
1712268673.7726264,-0.6515469815995958,0.30853235059314305,-0.03091451194551256
1712268673.7736456,-0.8963676293690999,0.40416767199834186,0.014620076657997238
1712268673.7746646,-1.0847989055845473,0.48649112383524573,0.07382290230857001
1712268673.7756836,-1.217541429731581,0.5309808254241943,0.14213386509153578
1712268673.776703,-1.2924936082628038,0.5393883254792955,0.1778657403257158
1712268673.777722,-1.3086048762003581,0.5428914560212029,0.20554044180446202
1712268673.7787411,-1.2700780232747395,0.49665020571814644,0.20869324604670206
1712268673.7797601,-1.1828672885894775,0.4178298513094584,0.18662355012363857
1712268673.7807794,-1.0501247644424438,0.35932766066657174,0.1638532347149319
1712268673.7817984,-0.8718505170610216,0.28751356734169853,0.1379301067855623
1712268673.7828176,-0.659602615568373,0.18662355012363857,0.0839819676346249
1712268673.7838366,-0.4091781046655443,0.07627509534358978,-0.0014940098238488038
1712268673.7848556,-0.1275818712181515,-0.016204260496629607,-0.07294380002551608
1712268673.7858748,0.1680569847424825,-0.13108431465095943,-0.14019065433078343
1712268673.7868938,0.46372082498338485,-0.22074679533640543,-0.20463556051254272
1712268673.787913,0.7383659150865343,-0.27783658769395614,-0.24526387453079224
1712268673.788932,0.9839349985122681,-0.34893612066904706,-0.28729316261079574
1712268673.7899513,1.1790590816073947,-0.41338102685080635,-0.32792147662904525
1712268673.7909703,1.3167319032880995,-0.45085714923010933,-0.3538395298851861
1712268673.7919893,1.3881957530975342,-0.4505069057146708,-0.34123076332939994
1712268673.7930086,1.3892466492123074,-0.4575117760234409,-0.31776441468132866
1712268673.7940276,1.3226873344845242,-0.42388836542765296,-0.29990196228027344
1712268673.7950468,1.1944728427463107,-0.3713517387708028,-0.26417705747816295
1712268673.7960658,1.0081066025627983,-0.3345761034223768,-0.23510679602622986
1712268673.797085,0.764289034737481,-0.27223267489009434,-0.20078288184271917
1712268673.798104,0.47843393352296615,-0.16610872414377,-0.14439359307289124
1712268673.7991233,0.15929917494455972,-0.05998476925823423,-0.08905502657095592
1712268673.8001423,-0.17206286390622458,0.038791646560033165,-0.05683257348007626
1712268673.8011613,-0.4883332716094123,0.15054136514663696,-0.036168172955513
1712268673.8021805,-0.7706299755308363,0.2640426324473487,0.002359136318167051
1712268673.8031995,-1.0070447127024333,0.3435635897848341,0.03318664514356189
1712268673.8042188,-1.1832174989912245,0.4328933027055528,0.06751727726724413
1712268673.8052378,-1.2942447927263048,0.5106626947720846,0.11025541358523898
1712268673.806257,-1.3408272796207004,0.5337833364804586,0.1277710414595074
1712268673.807276,-1.3278683026631672,0.5309808254241943,0.1316244817442364
1712268673.8082952,-1.2574692567189534,0.5225733253690932,0.1340766665008333
1712268673.8093143,-1.1355842484368217,0.49209614594777423,0.1540444791316986
1712268673.8103333,-0.9737715456220839,0.4181801941659715,0.14423574010531107
1712268673.8113525,-0.7692290014690822,0.34461451901329887,0.11796229415469699
1712268673.8123715,-0.5240581432978312,0.23882013228204516,0.0797782176070743
1712268673.8133907,-0.24946681327290005,0.0941410329606798,0.021276016616159014
1712268673.8144097,0.03844133267800013,-0.038269638187355466,-0.035817929440074496
1712268673.815429,0.3355063994725545,-0.1545506715774536,-0.08275063501463996
1712268673.816448,0.6154061688317193,-0.2739838924672868,-0.1394901672999064
1712268673.817467,0.8655293782552083,-0.388513704140981,-0.2144423955016666
1712268673.8184862,1.0788697004318237,-0.45541031493080986,-0.2802882923020257
1712268673.8195052,1.2393128871917725,-0.512850350803799,-0.3212668498357137
1712268673.8205245,1.3363495137956407,-0.5380679170290629,-0.3569917215241326
1712268673.8215435,1.3678775893317328,-0.502693255742391,-0.36399662494659424
1712268673.8225627,1.3359991709391277,-0.4575117760234409,-0.35454001691606307
1712268673.8235817,1.2456185287899442,-0.4109293222427368,-0.3464844160609775
1712268673.824601,1.095334423912896,-0.33702780803044635,-0.3251195285055372
1712268673.82562,0.895305938190884,-0.23545703954166836,-0.27328340543640983
1712268673.826639,0.641329288482666,-0.13458675808376735,-0.19903166426552665
1712268673.8276582,0.3516207800971137,-0.037218903501828514,-0.13808919323815239
1712268673.8286772,0.041944459080696106,0.08853603568341997,-0.07224331299463908
1712268673.8296964,-0.2711819443437788,0.17541355556911892,-0.0120013321025504
1712268673.8307154,-0.5695898665322198,0.2360176377826267,0.02933320485883289
1712268673.8317347,-0.833323664135403,0.31553857856326634,0.0797782176070743
1712268673.8327537,-1.0529267125659518,0.3792954815758599,0.12882197896639505
1712268673.8337727,-1.218241850535075,0.4125751720534431,0.15264324016041225
1712268673.834792,-1.318061484230889,0.4293901721636454,0.14318479432000053
1712268673.835811,-1.3506340980529785,0.4525108138720194,0.14073260956340367
1712268673.8368301,-1.3236653804779053,0.43744736247592503,0.13127417200141483
1712268673.8378491,-1.2448604901631672,0.42378518316480845,0.11235728859901428
1712268673.8388684,-1.1124682426452637,0.41572799285252887,0.10149759550889333
1712268673.8398874,-0.9303412834803263,0.3628307912084791,0.07137071755197313
1712268673.8409066,-0.7072357998953925,0.27910606728659737,0.021626328428586323
1712268673.8419256,-0.44140054119957817,0.19327950146463183,-0.026011094450950623
1712268673.8429446,-0.14509408010376823,0.10815353857146369,-0.05368037356270684
1712268673.8439639,0.16035012072987026,-0.014453039815028507,-0.0866033136844635
1712268673.8449829,0.4640711347262064,-0.12688138418727452,-0.13668821917639837
1712268673.846002,0.7495758930842081,-0.23510679602622986,-0.1759155591328939
1712268673.847021,0.9947946998808119,-0.36539759900834823,-0.22494971752166748
1712268673.8480403,1.187116305033366,-0.46451667944590247,-0.266278518570794
1712268673.8490593,1.3160313500298393,-0.5184542470508151,-0.2823897533946567
1712268673.8500786,1.3780367374420166,-0.548225012090471,-0.2914960847960578
1712268673.8510976,1.368227932188246,-0.5639859702852037,-0.3118102418051826
1712268673.8521166,1.3041207525465224,-0.5373674299981859,-0.3342258599069383
1712268673.8531358,1.1766069465213351,-0.47362301084730357,-0.3233683109283447
1712268673.8541548,0.9933934609095255,-0.40392445193396675,-0.305155615011851
1712268673.855174,0.7576330502827961,-0.2788873182402717,-0.27153218785921734
1712268673.856193,0.4843892653783162,-0.1275818712181515,-0.2172443601820204
1712268673.8572123,0.18277012639575535,-0.0014940098238488038,-0.17031164632903203
1712268673.8582313,-0.12828235824902853,0.12041447891129388,-0.125130166610082
1712268673.8592503,-0.42774104409747654,0.2514313823646969,-0.06488818675279617
1712268673.8602695,-0.6981294684939914,0.3638817204369439,0.021626328428586323
1712268673.8612885,-0.9334934420055813,0.4328933027055528,0.08258072038491567
1712268673.8623078,-1.1145696375105116,0.497000515460968,0.13582823177178702
1712268673.8633268,-1.235754092534383,0.5236242545975579,0.17646448479758367
1712268673.864346,-1.2980975045098198,0.4934973849190606,0.19047699040836757
1712268673.865365,-1.306503348880344,0.47247863478130764,0.1974832514921824
1712268673.8663843,-1.2595706515842013,0.44410331381691825,0.20659137103292677
1712268673.8674033,-1.1695579687754314,0.38945453034506905,0.19082731670803493
1712268673.8684223,-1.0312115483813815,0.3109845187928941,0.13687916927867466
1712268673.8694415,-0.8406788110733032,0.24932950735092163,0.07732603285047743
1712268673.8704605,-0.6053147713343302,0.1638532347149319,0.02337789162993431
1712268673.8714797,-0.3380785716904534,0.07137071755197313,-0.04247256451182895
1712268673.8724988,-0.04492427325910992,0.009365388088756137,-0.09605990515814887
1712268673.873518,0.25878795319133335,-0.07294380002551608,-0.14649505416552225
1712268673.874537,0.5569039450751411,-0.1776667767100864,-0.20848825573921204
1712268673.8755562,0.8297974533504909,-0.2694307267665863,-0.26347657044728595
1712268673.8765752,1.0662584834628634,-0.33492634693781537,-0.2893946237034268
1712268673.8775942,1.242115365134345,-0.3941176003879971,-0.2918463283114963
1712268673.8786135,1.3549160957336426,-0.44105029768413967,-0.30340439743465847
1712268673.8796325,1.4015075895521376,-0.44700447056028575,-0.30025220579571194
1712268673.8806517,1.3804888725280762,-0.46801911460028756,-0.2932473023732503
1712268673.8816707,1.2929107083214653,-0.4750239849090576,-0.2879936496416728
1712268673.88269,1.1405246787601047,-0.42318787839677596,-0.2571721706125471
1712268673.883709,0.9289359384112887,-0.34893612066904706,-0.2144423955016666
1712268673.884728,0.6648002730475532,-0.26802973614798653,-0.18397115998797947
1712268673.8857472,0.36423203017976546,-0.16610872414377,-0.17101213335990906
1712268673.8867662,0.04825008412202199,-0.0323154880768723,-0.13493700159920585
1712268673.8877854,-0.27328340543640983,0.08538322316275702,-0.09395844406551784
1712268673.8888044,-0.5769450134701198,0.21640012661616007,-0.05017793426911036
1712268673.8898237,-0.8413792981041802,0.3558245301246643,0.006562887380520502
1712268673.8908427,-1.0518759489059448,0.4497083028157552,0.053154461913638644
1712268673.891862,-1.2049326631757948,0.5019048849741617,0.0839819676346249
1712268673.892881,-1.2924936082628038,0.5379870865080092,0.11305791636308034
1712268673.8939,-1.317010720570882,0.5632095866733127,0.15614637070231968
1712268673.8949192,-1.2903922133975558,0.5369361572795444,0.18487200140953064
1712268673.8959382,-1.2150896920098198,0.5040067765447829,0.18487200140953064
1712268673.8969574,-1.0886516173680623,0.4525108138720194,0.1778657403257158
1712268673.8979764,-0.914930502573649,0.3470667203267415,0.14213386509153578
1712268673.8989956,-0.7047840621736314,0.23811951279640198,0.09344041347503662
1712268673.9000146,-0.45611080196168685,0.13968166377809313,0.051402900781896375
1712268673.9010336,-0.18432142006026372,0.026530704150597252,0.002359136318167051
1712268673.9020529,0.09939572049511804,-0.10481600960095723,-0.07154282596376207
1712268673.9030719,0.38945453034506905,-0.2130414214399126,-0.15805310673183864
1712268673.9040911,0.6690039899614122,-0.30830780665079754,-0.2179448472128974
1712268673.9051101,0.9159743785858154,-0.4032239649030897,-0.27678584059079486
1712268673.9061294,1.1202066474490695,-0.44245127174589366,-0.31741417116589016
1712268673.9071484,1.2666372458140056,-0.45400934086905587,-0.3342258599069383
1712268673.9081676,1.3521134853363037,-0.4753742284244961,-0.35489026043150157
1712268673.9091866,1.3741832309299045,-0.4764249589708116,-0.36854979064729476
1712268673.9102056,1.3328463501400418,-0.4350961579216851,-0.3566414780086941
1712268673.9112248,1.2270519468519423,-0.37415368689431083,-0.3069068325890435
1712268673.9122438,1.0568000210656059,-0.3149624334441291,-0.26417705747816295
1712268673.913263,0.8333006170060899,-0.22109703885184392,-0.2172443601820204
1712268673.914282,0.5656617879867554,-0.13178480168183646,-0.1643575065665775
1712268673.9153013,0.266144507461124,-0.061035499804549746,-0.12057699263095856
1712268673.9163203,-0.054731108248233795,0.040543207691775426,-0.06839062604639265
1712268673.9173396,-0.37345319986343384,0.15124198463228014,-0.003945718312429057
1712268673.9183586,-0.6736123561859131,0.24267357256677416,0.04754946049716737
1712268673.9193776,-0.9331432316038344,0.30853235059314305,0.06611602587832345
1712268673.9203968,-1.1324320899115667,0.38209799263212413,0.08293103012773725
1712268673.9214158,-1.2665755218929715,0.42833924293518066,0.10745291080739763
1712268673.922435,-1.3390760951571994,0.45601394441392684,0.11761197613345252
1712268673.923454,-1.3499336772494845,0.4962998959753248,0.13582823177178702
1712268673.9244733,-1.299148268169827,0.5029558142026266,0.14423574010531107
1712268673.9254923,-1.1968770292070177,0.4689755042394002,0.12321698168913522
1712268673.9265113,-1.0462720526589286,0.42063236236572266,0.09344041347503662
1712268673.9275305,-0.8434807591968112,0.3726395302348667,0.07452353007263607
1712268673.9285495,-0.6060152583652072,0.28821421994103325,0.06156196196873982
1712268673.9295688,-0.3380785716904534,0.17821605006853738,0.019174141602383718
1712268673.9305878,-0.04562476028998693,0.07697571482923296,-0.02320914218823115
1712268673.931607,0.2577370074060228,-0.07014184362358517,-0.07714673048920101
1712268673.932626,0.5495474073621962,-0.22004630830552843,-0.14124138487709892
1712268673.9336452,0.8154346545537312,-0.3296726942062378,-0.18572239412201774
1712268673.9346642,1.0413862599266899,-0.42353812191221446,-0.22074679533640543
1712268673.9356833,1.2067337830861409,-0.5061957240104675,-0.26312632693184745
1712268673.9367025,1.3163816928863525,-0.5569810999764336,-0.31741417116589016
1712268673.9377215,1.3664763503604465,-0.5597830480999416,-0.344032711452908
1712268673.9387407,1.3489606645372179,-0.5527781777911716,-0.3559409909778171
1712268673.9397597,1.268038484785292,-0.49743960301081336,-0.3555907474623786
1712268673.940779,1.1279135280185275,-0.39166589577992755,-0.3247692849900987
1712268673.941798,0.9345409605238173,-0.29534879657957286,-0.2935975458886888
1712268673.942817,0.6931755940119425,-0.19833117723464966,-0.2599741352929009
1712268673.9438362,0.4171292318238152,-0.0743447740872701,-0.21409215198622808
1712268673.9448552,0.11691135664780934,0.06541540225346883,-0.13318577574359045
1712268673.9458745,-0.19517898559570312,0.17296137081252203,-0.055431595279110804
1712268673.9468935,-0.4939371678564283,0.28120795885721844,0.00866476291169723
1712268673.9479127,-0.7604728804694282,0.37088798152075875,0.06926884253819783
1712268673.9489317,-0.981476902961731,0.4038173622555203,0.11130635109212664
1712268673.949951,-1.155898438559638,0.4290398624208238,0.14073260956340367
1712268673.95097,-1.2683268388112385,0.45601394441392684,0.1775154305828942
1712268673.951989,-1.3229648272196453,0.4616189334127638,0.19678261544969347
1712268673.9530082,-1.3243658012813992,0.4339442319340176,0.18417136536704168
1712268673.9540272,-1.2644741270277235,0.4076708025402493,0.14668792486190796
1712268673.9550464,-1.147492594189114,0.3733401828342014,0.12251635392506917
1712268673.9560654,-0.9849793381161159,0.30783169799380833,0.07872728010018666
1712268673.9570847,-0.7776348458396064,0.26684514350361294,0.03914195630285475
1712268673.9581037,-0.5293118291431003,0.2114957571029663,0.004110699260814322
1712268673.959123,-0.24561411804623073,0.11305791636308034,-0.052279399500952825
1712268673.960142,0.05525633692741394,0.007613825404809581,-0.11497308810551961
1712268673.961161,0.3666842314932081,-0.0887047830555174,-0.16400726305113897
1712268673.9621801,0.6626983483632406,-0.18747361169921026,-0.18712336818377176
1712268673.9631991,0.9233309162987603,-0.29499851995044285,-0.22284825642903644
1712268673.9642184,1.1370216475592718,-0.36434686846203274,-0.2519185178809696
1712268673.9652374,1.2922100226084392,-0.4354464014371236,-0.27643559707535637
1712268673.9662566,1.383641693327162,-0.5125001072883606,-0.302353666888343
1712268673.9672756,1.4015075895521376,-0.5331645078129238,-0.30970878071255153
1712268673.9682946,1.353164513905843,-0.5170532729890611,-0.2925468153423733
1712268673.9693139,1.233707931306627,-0.4886835151248508,-0.2788873182402717
1712268673.9703329,1.0568000210656059,-0.4392990801069471,-0.27748632762167186
1712268673.971352,0.8329502741495768,-0.34158100684483844,-0.26207559638553196
1712268673.972371,0.5646108256445991,-0.23335557844903734,-0.2263506915834215
1712268673.9733903,0.2636923227045271,-0.11147064467271169,-0.19097604685359532
1712268673.9744093,-0.05333013004726834,0.05350477579567167,-0.13178480168183646
1712268673.9754286,-0.3618951638539632,0.19818387097782558,-0.07049208713902368
1712268673.9764476,-0.6462933619817098,0.30678076876534355,-0.024610118319590885
1712268673.9774666,-0.8907636668947008,0.39751172065734863,0.019174141602383718
1712268673.9784858,-1.078144245677524,0.48894332514868843,0.0797782176070743
1712268673.9795048,-1.2140389283498128,0.5327324072519938,0.14423574010531107
1712268673.980524,-1.2889912393358018,0.5488467878765529,0.17646448479758367
1712268673.981543,-1.30580292807685,0.5548020866182115,0.20273793074819776
1712268673.9825623,-1.2665755218929715,0.5050577057732476,0.2051901320616404
1712268673.9835813,-1.1828672885894775,0.4290398624208238,0.18452167510986328
1712268673.9846003,-1.0501247644424438,0.36633392175038654,0.16525449024306402
1712268673.9856195,-0.8729012144936455,0.2917173504829407,0.1379301067855623
1712268673.9866385,-0.6613538000318739,0.18802480565177068,0.0839819676346249
1712268673.9876578,-0.4105790787272983,0.07872728010018666,0.0009578859640492334
1712268673.9886768,-0.126531140671836,-0.011651087552309036,-0.06593891729911168
1712268673.989696,0.1698085500134362,-0.12898285355832842,-0.13318577574359045
1712268673.990715,0.46687361266877914,-0.2189955777592129,-0.19763069020377264
1712268673.9917343,0.7439708709716797,-0.27188243137465584,-0.23895949125289917
1712268673.9927533,0.9867375426822238,-0.34543368551466197,-0.2816892663637797
1712268673.9937723,1.180460320578681,-0.4105790787272983,-0.32792147662904525
1712268673.9947915,1.3149804539150662,-0.4392990801069471,-0.35489026043150157
1712268673.9958105,1.3860938284132216,-0.4399995671378242,-0.33947954575220746
1712268673.9968297,1.3864441712697346,-0.4435020354059007,-0.3202161192893982
1712268673.9978487,1.3198847240871854,-0.41548248794343734,-0.30060244931115043
1712268673.998868,1.1895684401194255,-0.36749906010097927,-0.26767949263254803
1712268673.999887,1.0035525427924261,-0.3335253728760613,-0.23965997828377616
1712268674.0009062,0.7597349749671088,-0.2697809702820248,-0.2035848299662272
1712268674.0019252,0.4766823848088582,-0.1664589676592085,-0.1485965152581533
1712268674.0029442,0.15824824571609497,-0.055431595279110804,-0.09535941812727186
1712268674.0039635,-0.17171262039078605,0.03984258406692081,-0.0624364780055152
1712268674.0049825,-0.4886835151248508,0.15579604440265232,-0.03932036873367097
1712268674.0060017,-0.7706299755308363,0.2636923227045271,0.002709448906696505
1712268674.0070207,-1.0038925541771782,0.3453151716126336,0.03458789446287685
1712268674.00804,-1.1804155508677165,0.4427020748456319,0.07452353007263607
1712268674.009059,-1.2893414497375488,0.5138155155711703,0.11691135664780934
1712268674.010078,-1.3352233833736844,0.5351845754517449,0.1316244817442364
1712268674.0110972,-1.3240155908796523,0.5323820975091722,0.1361785415146086
1712268674.0121162,-1.2550175189971924,0.520121157169342,0.14143322904904684
1712268674.0131354,-1.134883827633328,0.48508988486395943,0.15964948468738133
1712268674.0141544,-0.9727207819620768,0.40907204151153564,0.14318479432000053
1712268674.0151737,-0.7678280274073283,0.3404107689857483,0.11551010111967722
1712268674.0161927,-0.5233576562669542,0.2297120127413008,0.07452353007263607
1712268674.017212,-0.24806583921114603,0.08152978287802802,0.010066013783216476
1712268674.018231,0.040543207691775426,-0.043523299197355904,-0.04632525146007538
1712268674.01925,0.33480577998691136,-0.15875359376271567,-0.09500917461183336
1712268674.0202692,0.6122533480326334,-0.2788873182402717,-0.15209895041253832
1712268674.0212882,0.8609753184848361,-0.39131565226448906,-0.2284521692328983
1712268674.0223074,1.0739653640323215,-0.4582122630543179,-0.2900951107343038
1712268674.0233264,1.233357588450114,-0.5149518118964301,-0.3289722071753608
1712268674.0243456,1.3310947683122423,-0.5433215697606405,-0.35944345924589366
1712268674.0253646,1.3640242152743869,-0.5100484026802911,-0.3611946768230862
1712268674.0263836,1.3363495137956407,-0.4659176535076565,-0.35103758176167804
1712268674.0274029,1.2438669469621446,-0.42388836542765296,-0.343332224422031
1712268674.0284219,1.0942834615707397,-0.3531390428543091,-0.3237185544437832
1712268674.029441,0.8935543563630846,-0.24386290046903822,-0.27188243137465584
1712268674.0304601,0.6402783923678927,-0.14649505416552225,-0.20043263832728067
1712268674.0314794,0.34951892164018417,-0.03791939467191696,-0.14404334955745274
1712268674.0324984,0.03984258406692081,0.08538322316275702,-0.07784721752007802
1712268674.0335176,-0.27188243137465584,0.16875762078497145,-0.021808166056871414
1712268674.0345366,-0.5716913276248508,0.23952075176768833,0.022326954123046663
1712268674.0355556,-0.8403285344441731,0.32219452990425956,0.0759247773223453
1712268674.0365748,-1.056429147720337,0.38560112317403156,0.1239176011747784
1712268674.0375938,-1.219993167453342,0.4178298513094584,0.14949041936132643
1712268674.038613,-1.318411694632636,0.4339442319340176,0.14318479432000053
1712268674.039632,-1.3495834668477376,0.4542623625861274,0.14703823460472953
1712268674.0406513,-1.3226146168178983,0.43149206373426646,0.1400319900777605
1712268674.0416703,-1.2410077783796523,0.42098267210854423,0.12251635392506917
1712268674.0426896,-1.1075647672017415,0.4192311233944363,0.11480947335561116
1712268674.0437086,-0.9250875976350572,0.36598361200756496,0.08503290514151256
1712268674.0447276,-0.6991801659266154,0.28506139914194745,0.03528852015733719
1712268674.0457468,-0.4336951838599311,0.20308825704786512,-0.014102796299590005
1712268674.0467658,-0.13668821917639837,0.11761197613345252,-0.041071590450074934
1712268674.047785,0.16490418050024244,-0.004295962345268991,-0.07889794806639354
1712268674.048804,0.466172993183136,-0.11602381865183511,-0.12793211473359
1712268674.0498233,0.748875273598565,-0.22284825642903644,-0.16926091578271654
1712268674.0508423,0.9937437375386555,-0.3559409909778171,-0.2179448472128974
1712268674.0518613,1.1867659621768527,-0.4589127500851949,-0.2606746223237779
1712268674.0528805,1.3170822461446126,-0.510748889711168,-0.2785370747248332
1712268674.0538995,1.3769857088724773,-0.542971326245202,-0.2897448672188653
1712268674.0549188,1.3703298568725586,-0.5653869443469577,-0.31391170289781356
1712268674.0559378,1.3030697239769828,-0.5352659689055549,-0.33492634693781537
1712268674.056957,1.1769572893778484,-0.47747568951712716,-0.3233683109283447
1712268674.057976,0.9919922219382392,-0.40567566951115924,-0.3111097547743055
1712268674.0589952,0.7579833931393093,-0.27363364895184833,-0.27363364895184833
1712268674.0600142,0.48228737380769515,-0.13178480168183646,-0.2175946036974589
1712268674.0610332,0.18277012639575535,-0.006047182509468662,-0.17311359445254007
1712268674.0620525,-0.13178480168183646,0.11971385114722781,-0.125130166610082
1712268674.0630715,-0.42844153112835354,0.2496798170937432,-0.06033501277367274
1712268674.0640907,-0.7016319036483765,0.3628307912084791,0.02442882913682196
1712268674.0651097,-0.9369958771599664,0.429740481906467,0.08468259539869097
1712268674.066129,-1.1159706115722656,0.49805144468943274,0.13512760400772095
1712268674.067148,-1.237155066596137,0.5127645863427056,0.1736619902981652
1712268674.0681672,-1.299498478571574,0.4843892653783162,0.18557262089517382
1712268674.0691862,-1.309305297003852,0.4654723736974928,0.19327950146463183
1712268674.0702052,-1.2658751010894775,0.43744736247592503,0.19888449046346876
1712268674.0712245,-1.1741111013624403,0.3834992316034105,0.17961730559666952
1712268674.0722435,-1.0333130094740126,0.3092329700787862,0.12181572616100311
1712268674.0732627,-0.8403285344441731,0.25003014339341056,0.06576571613550186
1712268674.0742817,-0.6070660220252143,0.16350292497211033,0.01391945199833976
1712268674.075301,-0.34053027629852295,0.07067008978790706,-0.04877696020735635
1712268674.07632,-0.04772622552182939,0.007263512557579411,-0.09886186156007978
1712268674.077339,0.2573866976632012,-0.08064916564358605,-0.14614481065008375
1712268674.0783582,0.5548020866182115,-0.1902755598227183,-0.20848825573921204
1712268674.0793772,0.8311986923217773,-0.2834404839409722,-0.26172535287009346
1712268674.0803964,1.0694113042619493,-0.342631737391154,-0.2844912144872877
1712268674.0814154,1.2473701106177435,-0.4070766435729133,-0.2893946237034268
1712268674.0824347,1.3584191269344754,-0.4522581232918633,-0.30480537149641246
1712268674.0834537,1.402908828523424,-0.4596132371160719,-0.30305415391921997
1712268674.084473,1.3825907972123888,-0.4813283681869507,-0.3020034233729045
1712268674.085492,1.2943119472927518,-0.47852642006344265,-0.2985009882185194
1712268674.086511,1.1405246787601047,-0.42844153112835354,-0.26802973614798653
1712268674.0875301,0.9275346994400024,-0.35138782527711654,-0.2284521692328983
1712268674.0885491,0.6598958704206679,-0.2697809702820248,-0.19693020317289564
1712268674.0895684,0.3579264216952854,-0.165408237112893,-0.18186969889534843
1712268674.0905874,0.04019289794895384,-0.033015975107749305,-0.14089114136166042
1712268674.0916066,-0.2795878052711487,0.0797782176070743,-0.09676039218902588
1712268674.0926256,-0.5811479356553819,0.21324732237392002,-0.05122866895463731
1712268674.0936446,-0.8438309695985582,0.35267170932557845,0.011817575949761603
1712268674.0946639,-1.053627199596829,0.4384983248180813,0.060861338343885206
1712268674.0956829,-1.2063336372375488,0.493147075176239,0.0916888482040829
1712268674.096702,-1.2931941615210638,0.5337833364804586,0.12076478865411547
1712268674.097721,-1.317010720570882,0.5576045645607842,0.16700605551401773
1712268674.0987403,-1.2917931874593098,0.5379870865080092,0.1918782459364997
1712268674.0997593,-1.2126379542880588,0.5082105265723335,0.1936298112074534
1712268674.1007786,-1.0851491159862943,0.4581158028708564,0.1820694903532664
1712268674.1017976,-0.9135295285118951,0.3498692313830058,0.14633761511908636
1712268674.1028166,-0.7037333647410074,0.24652701285150316,0.09869510100947486
1712268674.1038358,-0.45681128899256385,0.14668792486190796,0.06016071471903059
1712268674.1048548,-0.18537215060657924,0.030734456247753568,0.00831445058186849
1712268674.105874,0.09939572049511804,-0.10306479202376471,-0.06874086956183116
1712268674.106893,0.39155642191569007,-0.21023947331640455,-0.1534999410311381
1712268674.1079123,0.6718064679039849,-0.307957563135359,-0.21093996034728155
1712268674.1089313,0.9219296773274739,-0.40007174015045166,-0.27188243137465584
1712268674.1099505,1.122308439678616,-0.4354464014371236,-0.30830780665079754
1712268674.1109695,1.2697900666130912,-0.4522581232918633,-0.32792147662904525
1712268674.1119885,1.3577185736762152,-0.46942008866204155,-0.35103758176167804
1712268674.1130078,1.380138529671563,-0.46801911460028756,-0.36434686846203274
1712268674.1140268,1.3395023345947266,-0.42388836542765296,-0.3478853901227315
1712268674.115046,1.2319563494788275,-0.36714881658554077,-0.30025220579571194
1712268674.116065,1.0585516028934054,-0.31040926774342853,-0.2592736482620239
1712268674.1170843,0.8378546767764621,-0.2144423955016666,-0.21058971683184305
1712268674.1181033,0.5695152282714844,-0.13038382762008244,-0.15945408079359266
1712268674.1191223,0.2675457629892561,-0.061735990974638194,-0.11847553153832753
1712268674.1201415,-0.05368037356270684,0.042294772962729134,-0.06698965198463863
1712268674.1211605,-0.3713517387708028,0.14949041936132643,-0.006397426542308595
1712268674.1221797,-0.6718611717224121,0.24022138781017727,0.040543207691775426
1712268674.1231987,-0.9338437186347114,0.30678076876534355,0.05735821194118924
1712268674.124218,-1.1338330639733207,0.38560112317403156,0.0759247773223453
1712268674.125237,-1.2679764959547255,0.4293901721636454,0.10009634825918409
1712268674.1262562,-1.3408272796207004,0.45951707495583427,0.11165666083494821
1712268674.1272752,-1.3495834668477376,0.5043570862876045,0.13302572899394566
1712268674.1282942,-1.2980975045098198,0.5064589447445339,0.14178353879186842
1712268674.1293135,-1.1954760551452637,0.4689755042394002,0.1253188567029105
1712268674.1303325,-1.0438203149371676,0.4241354929076301,0.10079697602325015
1712268674.1313517,-0.8438309695985582,0.37088798152075875,0.08748509817653231
1712268674.1323707,-0.6056650479634603,0.28225888808568317,0.07102040780915155
1712268674.13339,-0.33702780803044635,0.17541355556911892,0.026530704150597252
1712268674.134409,-0.042822808027267456,0.06786759114927715,-0.020056944340467453
1712268674.135428,0.26264139347606236,-0.07714673048920101,-0.07854770455095503
1712268674.1364472,0.5541014671325684,-0.22424923049079046,-0.14509408010376823
1712268674.1374662,0.8213899532953898,-0.3335253728760613,-0.19307750794622633
1712268674.1384854,1.0441888040966458,-0.42283763488133747,-0.2309038738409678
1712268674.1395044,1.2088357077704535,-0.5072464545567831,-0.27573511004447937
1712268674.1405237,1.3170822461446126,-0.5541791518529257,-0.3293224506907993
1712268674.1415427,1.364724768532647,-0.5573313103781806,-0.3527887993388706
1712268674.142562,1.3475594255659316,-0.5506767166985406,-0.36294589440027875
1712268674.143581,1.2690895133548312,-0.49323668082555133,-0.3566414780086941
1712268674.1446,1.1268624994489882,-0.39026492171817356,-0.3233683109283447
1712268674.1456192,0.9334899981816609,-0.30410488446553546,-0.2900951107343038
1712268674.1466382,0.6896724303563436,-0.20253409941991168,-0.2557711965507931
1712268674.1476574,0.4150273733668857,-0.08205014798376295,-0.20743752519289652
1712268674.1486764,0.11726166639063093,0.05595696055226856,-0.1275818712181515
1712268674.1496956,-0.19342775146166483,0.16280230548646715,-0.055431595279110804
1712268674.1507146,-0.49288643731011283,0.2763035727871789,0.005862262203461594
1712268674.1517339,-0.7625743415620592,0.36703454123602974,0.0650650883714358
1712268674.1527529,-0.988832049899631,0.40136516094207764,0.10430009828673469
1712268674.1537719,-1.1604515711466472,0.4342945416768392,0.13477729426489934
1712268674.154791,-1.2707784440782335,0.46372082498338485,0.1715601152843899
1712268674.15581,-1.3271677494049072,0.4630202054977417,0.1911776264508565
1712268674.1568294,-1.3285687234666612,0.43254299296273124,0.17471293608347574
1712268674.1578484,-1.2679764959547255,0.4097726609971788,0.14073260956340367
1712268674.1588676,-1.153446700837877,0.3722892204920451,0.11831260389751858
1712268674.1598866,-0.9933851824866401,0.3099335895644294,0.07942790786425273
1712268674.1609056,-0.7846397161483765,0.26684514350361294,0.0440463340944714
1712268674.1619248,-0.5324640207820468,0.20799262656105888,0.007613825404809581
1712268674.1629438,-0.24736533562342325,0.11060572332806057,-0.05017793426911036
1712268674.163963,0.056307274434301585,0.002709448906696505,-0.1121711317035887
1712268674.164982,0.3677351607216729,-0.08695356547832489,-0.15630188915464613
1712268674.1660013,0.6633989678488837,-0.18572239412201774,-0.1783672637409634
1712268674.1670203,0.9219296773274739,-0.2911458412806193,-0.2158433695634206
1712268674.1680396,1.1363209618462455,-0.3625956508848402,-0.24491363101535374
1712268674.1690586,1.2925603654649522,-0.43789810604519314,-0.27188243137465584
1712268674.1700776,1.3829410076141357,-0.511449376742045,-0.2985009882185194
1712268674.1710968,1.399405797322591,-0.5314132902357314,-0.30340439743465847
1712268674.1721158,1.3510625892215304,-0.5174035165044997,-0.2886941366725498
1712268674.173135,1.2323066923353407,-0.4890337586402893,-0.27783658769395614
1712268674.174154,1.0575006405512493,-0.4392990801069471,-0.28098877933290267
1712268674.1751733,0.8325999975204468,-0.3387790587213304,-0.265578031539917
1712268674.1761923,0.5649611685011122,-0.23790876070658365,-0.2305536303255293
1712268674.1772113,0.26299170321888393,-0.11147064467271169,-0.19342775146166483
1712268674.1782305,-0.052979886531829834,0.05700790219836765,-0.13528724511464438
1712268674.1792495,-0.3622454073694017,0.1960819959640503,-0.07329404354095459
1712268674.1802688,-0.6476943360434638,0.3022267089949714,-0.02671158355143335
1712268674.1812878,-0.8925149175855849,0.3999639219707913,0.01987476522723834
1712268674.182307,-1.0812964704301622,0.48789239592022365,0.0860838426484002
1712268674.183326,-1.2154399024115667,0.5288789669672648,0.14949041936132643
1712268674.1843452,-1.2917931874593098,0.5439423852496676,0.18312043613857693
1712268674.1853642,-1.306503348880344,0.5463945865631104,0.21009450157483417
1712268674.1863832,-1.2693774700164795,0.49034456411997474,0.20799262656105888
1712268674.1874025,-1.1846184730529785,0.4174795415666368,0.18417136536704168
1712268674.1884215,-1.052226225535075,0.3600282801522149,0.16455387075742087
1712268674.1894407,-0.8774544133080376,0.2857620186275906,0.13442698452207777
1712268674.1904597,-0.6638055377536349,0.18347074588139853,0.07627509534358978
1712268674.191479,-0.4116298092736138,0.08047884537114038,-0.007448159158229828
1712268674.192498,-0.12898285355832842,-0.013402308233910136,-0.07609599166446261
1712268674.1935172,0.16700605551401773,-0.12828235824902853,-0.1436931060420142
1712268674.1945362,0.4609183139271206,-0.21339166495535108,-0.20428531699710423
1712268674.1955552,0.7383659150865343,-0.27328340543640983,-0.24386290046903822
1712268674.1965744,0.9860368569691975,-0.34893612066904706,-0.2844912144872877
1712268674.1975935,1.1787088712056477,-0.4186346795823839,-0.32652050256729126
1712268674.1986127,1.3177829318576388,-0.4519078797764248,-0.34928636418448555
1712268674.1996317,1.3888963063557942,-0.45400934086905587,-0.3314239117834303
1712268674.200651,1.3885460959540472,-0.4617146982087029,-0.31286097235149807
1712268674.20167,1.3230375448862712,-0.4270405570665995,-0.2956990400950114
1712268674.202689,1.1962244245741103,-0.38045810328589547,-0.265578031539917
1712268674.2037082,1.0067052973641288,-0.346134172545539,-0.24106095234553018
1712268674.2047272,0.764639311366611,-0.2739838924672868,-0.20813801222377354
1712268674.2057464,0.47913455300860935,-0.16610872414377,-0.15244919392797682
1712268674.2067654,0.16070043047269186,-0.05893403457270728,-0.10306479202376471
1712268674.2077847,-0.17311359445254007,0.041944459080696106,-0.07294380002551608
1712268674.2088037,-0.4886835151248508,0.161401049958335,-0.04702573849095239
1712268674.209823,-0.7699294884999592,0.26859670877456665,-0.002544741922368606
1712268674.210842,-1.0056437386406791,0.348818302154541,0.03143508194221391
1712268674.211861,-1.1804155508677165,0.4448039333025614,0.07382290230857001
1712268674.2128801,-1.2889912393358018,0.5141658253139919,0.11761197613345252
1712268674.2138991,-1.3366243574354384,0.5316814449098375,0.13512760400772095
1712268674.2149184,-1.3233151700761583,0.5260764559110006,0.13968166377809313
1712268674.2159374,-1.2522155708736844,0.5218727058834499,0.14949041936132643
1712268674.2169566,-1.133482853571574,0.48649112383524573,0.16945824027061462
1712268674.2179756,-0.9716700845294528,0.41572799285252887,0.15124198463228014
1712268674.2189949,-0.7667772637473212,0.34636610084109837,0.1239176011747784
1712268674.2200139,-0.5205557081434462,0.2360176377826267,0.0801285273498959
1712268674.2210329,-0.24736533562342325,0.0899372829331292,0.01847351590792338
1712268674.222052,0.03844133267800013,-0.03511743826998605,-0.03932036873367097
1712268674.223071,0.3323535786734687,-0.1513984633816613,-0.08905502657095592
1712268674.2240903,0.6087502506044176,-0.27363364895184833,-0.1485965152581533
1712268674.2251093,0.8585231171713935,-0.3853615125020345,-0.22775168220202127
1712268674.2261286,1.0708125432332356,-0.45400934086905587,-0.2879936496416728
1712268674.2271476,1.2330072455936008,-0.5174035165044997,-0.3286219636599223
1712268674.2281666,1.3317954540252686,-0.5387684040599399,-0.3608444333076477
1712268674.2291858,1.3650751113891602,-0.5005917946497599,-0.3615449203385247
1712268674.2302048,1.3352984852261014,-0.46346591578589547,-0.3524385558234321
1712268674.231224,1.2473701106177435,-0.421786904335022,-0.3457839290301005
1712268674.232243,1.0970860057406955,-0.3485858771536085,-0.32301806741290623
1712268674.2332623,0.8946053187052408,-0.24421314398447672,-0.26312632693184745
1712268674.2342813,0.6402783923678927,-0.14649505416552225,-0.19307750794622633
1712268674.2353005,0.3498692313830058,-0.038269638187355466,-0.13388626277446747
1712268674.2363195,0.03844133267800013,0.08328134814898173,-0.06804038253095415
1712268674.2373385,-0.27363364895184833,0.16175135970115662,-0.014803284365269873
1712268674.2383578,-0.5723918146557277,0.23181388775507608,0.025479766643709607
1712268674.2393768,-0.8364758888880411,0.31904170910517377,0.0801285273498959
1712268674.240396,-1.0574798451529608,0.38209799263212413,0.12566916644573212
1712268674.241415,-1.220343377855089,0.40907204151153564,0.14353510406282213
1712268674.2424343,-1.3194624582926433,0.4328933027055528,0.1337263567580117
1712268674.2434533,-1.3502838876512315,0.4525108138720194,0.13722947902149624
1712268674.2444723,-1.3257667753431532,0.433593922191196,0.12496853868166605
1712268674.2454915,-1.2448604901631672,0.4269380039638943,0.11270759834183587
1712268674.2465105,-1.1096662282943726,0.42063236236572266,0.10570135381486681
1712268674.2475297,-0.9268388483259413,0.36423203017976546,0.07627509534358978
1712268674.2485487,-0.7023323906792535,0.28330981731414795,0.02968351874086592
1712268674.249568,-0.4357966449525621,0.19818387097782558,-0.014803284365269873
1712268674.250587,-0.14229213198026022,0.10850384831428528,-0.037218903501828514
1712268674.2516062,0.16175135970115662,-0.01830572469366921,-0.07539550463358562
1712268674.2526252,0.4651220639546712,-0.12688138418727452,-0.12267845372358957
1712268674.2536442,0.7478243112564087,-0.23965997828377616,-0.1650579935974545
1712268674.2546635,0.9944443570242988,-0.3752044174406263,-0.21864533424377441
1712268674.2556825,1.1860654089185927,-0.466968384053972,-0.26172535287009346
1712268674.2567017,1.3139294253455267,-0.5163527859581841,-0.2823897533946567
1712268674.2577207,1.376635366015964,-0.5475244919459025,-0.2978005011876424
1712268674.25874,1.368928485446506,-0.5650367339452108,-0.3240687979592217
1712268674.259759,1.3030697239769828,-0.5303625596894158,-0.34543368551466197
1712268674.2607782,1.1738044685787625,-0.4729225238164266,-0.3338756163914998
1712268674.2617972,0.9902406401104397,-0.4014727473258972,-0.31776441468132866
1712268674.2628162,0.7537796099980671,-0.2694307267665863,-0.27818683120939464
1712268674.2638354,0.48018551535076565,-0.12477992309464349,-0.22109703885184392
1712268674.2648544,0.1820694903532664,-0.005696938476628727,-0.17101213335990906
1712268674.2658737,-0.126531140671836,0.11656103862656488,-0.12267845372358957
1712268674.2668927,-0.42283763488133747,0.25003014339341056,-0.05262964301639133
1712268674.267912,-0.6949772437413534,0.3547736008961995,0.033536956955989204
1712268674.268931,-0.9292905198203193,0.425887041621738,0.09238946768972608
1712268674.26995,-1.1107169919543796,0.49454831414752537,0.14423574010531107
1712268674.2709692,-1.231901380750868,0.512414276599884,0.1813688708676232
1712268674.2719882,-1.2980975045098198,0.48684143357806736,0.1915279361936781
1712268674.2730074,-1.305452717675103,0.4710773958100213,0.20098638203408983
1712268674.2740264,-1.2592204411824544,0.44515424304538304,0.2058907515472836
1712268674.2750456,-1.1695579687754314,0.38980487320158214,0.18347074588139853
1712268674.2760646,-1.0308613379796345,0.3169398506482442,0.12496853868166605
1712268674.2770839,-0.8406788110733032,0.2556351323922475,0.06891852865616481
1712268674.2781029,-0.6056650479634603,0.1638532347149319,0.012518201644221941
1712268674.2791219,-0.3387790587213304,0.07732603285047743,-0.049127203722794846
1712268674.280141,-0.04562476028998693,0.01356913915110959,-0.09641014867358737
1712268674.28116,0.2584376434485118,-0.07784721752007802,-0.1485965152581533
1712268674.2821794,0.5586555269029405,-0.18572239412201774,-0.21093996034728155
1712268674.2831984,0.8343515131208632,-0.27643559707535637,-0.26207559638553196
1712268674.2842176,1.0687106847763062,-0.3387790587213304,-0.28098877933290267
1712268674.2852366,1.245268185933431,-0.40672640005747474,-0.28659267557991874
1712268674.2862556,1.3584191269344754,-0.44595374001397026,-0.30060244931115043
1712268674.2872748,1.402908828523424,-0.45541031493080986,-0.2960492836104499
1712268674.2882938,1.3808392153845892,-0.48342982927958167,-0.2925468153423733
1712268674.289313,1.2929107083214653,-0.48342982927958167,-0.2879936496416728
1712268674.290332,1.137722200817532,-0.4263400700357225,-0.2564716835816701
1712268674.2913513,0.9236812591552734,-0.3531390428543091,-0.21829509072833592
1712268674.2923703,0.6577940119637383,-0.2739838924672868,-0.19342775146166483
1712268674.2933896,0.3600282801522149,-0.1650579935974545,-0.1783672637409634
1712268674.2944086,0.043345710469616786,-0.033015975107749305,-0.1394901672999064
1712268674.2954276,-0.27748632762167186,0.08258072038491567,-0.1006130791372723
1712268674.2964468,-0.582198699315389,0.22025356690088907,-0.0550813517636723
1712268674.2974658,-0.8445314566294352,0.3579264216952854,0.006212575050691763
1712268674.298485,-1.053627199596829,0.4437530040740967,0.050351959135797285
1712268674.299504,-1.2077346112993028,0.49594958623250324,0.0839819676346249
1712268674.3005233,-1.2903922133975558,0.5411399073070949,0.11901323166158465
1712268674.3015423,-1.315259536107381,0.5614580048455132,0.16945824027061462
1712268674.3025615,-1.2893414497375488,0.5362355377939012,0.19327950146463183
1712268674.3035805,-1.2136887179480658,0.5050577057732476,0.19853418072064716
1712268674.3045995,-1.0872506433063083,0.44130080276065403,0.18837511539459229
1712268674.3056188,-0.9142300155427721,0.3330542312728034,0.14949041936132643
1712268674.3066378,-0.7068855894936455,0.23006232248412237,0.1018479135301378
1712268674.307657,-0.4596132371160719,0.13267541925112405,0.06016071471903059
1712268674.308676,-0.18852434224552578,0.019524453414811026,0.002359136318167051
1712268674.3096952,0.09624290797445509,-0.1121711317035887,-0.08099940915902455
1712268674.3107142,0.3870023621453179,-0.21374190847078958,-0.1657584806283315
1712268674.3117332,0.6658511691623263,-0.31286097235149807,-0.22775168220202127
1712268674.3127525,0.9138725201288859,-0.40392445193396675,-0.2897448672188653
1712268674.3137715,1.114601559109158,-0.43334494034449256,-0.32617025905185276
1712268674.3147907,1.2631340821584065,-0.4498064186837938,-0.343332224422031
1712268674.3158097,1.3507122463650174,-0.4771254460016886,-0.3625956508848402
1712268674.316829,1.3734825452168782,-0.4750239849090576,-0.37415368689431083
1712268674.317848,1.3328463501400418,-0.4343956708908081,-0.35138782527711654
1712268674.3188672,1.2245998117658827,-0.38220932086308795,-0.3013029363420274
1712268674.3198862,1.056449744436476,-0.3251195285055372,-0.2610248658392164
1712268674.3209052,0.8350521326065063,-0.22810192571745977,-0.20883849925465053
1712268674.3219244,0.5688146087858412,-0.14789602822727627,-0.15980432430903116
1712268674.3229434,0.26684514350361294,-0.0750452611181471,-0.11812527974446614
1712268674.3239627,-0.056132082309987806,0.032836331261528864,-0.06313696503639221
1712268674.3249817,-0.37310295634799534,0.14528666933377585,-0.002544741922368606
1712268674.326001,-0.6753636068767971,0.23496669199731615,0.041944459080696106
1712268674.32702,-0.9338437186347114,0.3092329700787862,0.05595696055226856
1712268674.328039,-1.131731669108073,0.39015518294440377,0.0780266523361206
1712268674.3290582,-1.2665755218929715,0.43219268321990967,0.10114728576607174
1712268674.3300772,-1.3390760951571994,0.4654723736974928,0.11410885386996798
1712268674.3310964,-1.3467815187242296,0.5078602168295119,0.13512760400772095
1712268674.3321154,-1.2945951355828178,0.5061086350017123,0.14283448457717896
1712268674.3331347,-1.1937248706817627,0.4672239555252923,0.12426791919602288
1712268674.3341537,-1.0420691304736667,0.4192311233944363,0.09694353573852114
1712268674.335173,-0.8403285344441731,0.3687860899501377,0.08713478015528785
1712268674.336192,-0.6042640739017062,0.277704828315311,0.07172102729479472
1712268674.337211,-0.33492634693781537,0.17576386531194052,0.02793195553951793
1712268674.3382301,-0.04002085576454798,0.06996946202384101,-0.015854016981191106
1712268674.3392491,0.2615904476907518,-0.08134965267446306,-0.07469501760270861
1712268674.3402684,0.5516492658191257,-0.22214776939815944,-0.1373887062072754
1712268674.3412874,0.8168358935250176,-0.3286219636599223,-0.1780170202255249
1712268674.3423066,1.0403353638119168,-0.42213714785046047,-0.2172443601820204
1712268674.3433256,1.2070841259426541,-0.5061957240104675,-0.266979005601671
1712268674.3443449,1.3184834851158989,-0.5513772037294176,-0.3233683109283447
1712268674.3453639,1.3668266932169597,-0.5552298823992411,-0.346134172545539
1712268674.3463829,1.3507122463650174,-0.5513772037294176,-0.3611946768230862
1712268674.347402,1.2694397237565782,-0.48623181051678127,-0.3569917215241326
1712268674.348421,1.1293147669898138,-0.38290980789396495,-0.32652050256729126
1712268674.3494403,0.9359421994951036,-0.2928970588578118,-0.2971000141567654
1712268674.3504593,0.6956277290980021,-0.19447848200798035,-0.26312632693184745
1712268674.3514786,0.4195814331372579,-0.06804038253095415,-0.20918874277008903
1712268674.3524976,0.11901323166158465,0.06331352723969354,-0.12232821020815107
1712268674.3535166,-0.19412823849254185,0.16945824027061462,-0.05017793426911036
1712268674.3545358,-0.4942874113718668,0.28155826860004,0.015320702352457576
1712268674.3555548,-0.7629246181911892,0.36633392175038654,0.07837697035736507
1712268674.356574,-0.983928640683492,0.3978620635138618,0.11691135664780934
1712268674.357593,-1.1583501762813992,0.43044113450580174,0.15054136514663696
1712268674.3586123,-1.2686770492129855,0.4570648736423916,0.186273240380817
1712268674.3596313,-1.3240155908796523,0.4588164554701911,0.20308825704786512
1712268674.3606505,-1.3247161441379123,0.4272883137067159,0.1820694903532664
1712268674.3616695,-1.2641239166259766,0.4104733135965135,0.14493635959095424
1712268674.3626885,-1.149944331910875,0.3691364328066508,0.11761197613345252
1712268674.3637078,-0.989182260301378,0.31238579087787205,0.07417322032981448
1712268674.3647268,-0.7807870705922444,0.27665389908684623,0.03704008128907945
1712268674.365746,-0.5303625596894158,0.21640012661616007,0.00025726080315911933
1712268674.366765,-0.24701509210798475,0.11340822610590193,-0.05823354754183027
1712268674.3677843,0.05350477579567167,0.006913200227750672,-0.12057699263095856
1712268674.3688033,0.3617798619800144,-0.08835453954007891,-0.16120529837078518
1712268674.3698223,0.6560424301359389,-0.19342775146166483,-0.18362091647254095
1712268674.3708415,0.9170252747005886,-0.30060244931115043,-0.22004630830552843
1712268674.3718605,1.1321172449323866,-0.3713517387708028,-0.24701509210798475
1712268674.3728797,1.2890573342641194,-0.4536590973536173,-0.27188243137465584
1712268674.3738987,1.3787372907002766,-0.5258093608750237,-0.2985009882185194
1712268674.374918,1.3987051116095648,-0.5412201086680094,-0.302353666888343
1712268674.375937,1.3507122463650174,-0.5251088738441467,-0.29079559776518077
1712268674.3769562,1.233357588450114,-0.4942874113718668,-0.2802882923020257
1712268674.3779752,1.0575006405512493,-0.4403498106532627,-0.28659267557991874
1712268674.3789942,0.8343515131208632,-0.3391293022367689,-0.2697809702820248
1712268674.3800135,0.5660120646158854,-0.23405606547991434,-0.23860924773746067
1712268674.3810325,0.2650935782326592,-0.10166380968358782,-0.19973215129640368
1712268674.3820517,-0.05368037356270684,0.06611602587832345,-0.1377389497227139
1712268674.3830707,-0.36329613791571724,0.2013366917769114,-0.07679648697376251
1712268674.38409,-0.6480445464452108,0.30748138825098675,-0.029863779329591326
1712268674.385109,-0.8911139435238308,0.40136516094207764,0.016721952706575394
1712268674.3861282,-1.079545219739278,0.48894332514868843,0.08538322316275702
1712268674.3871472,-1.2122877438863118,0.5232739448547363,0.14703823460472953
1712268674.3881662,-1.2879404756757948,0.5428914560212029,0.17961730559666952
1712268674.3891854,-1.3068536917368572,0.5453436573346456,0.20834293630388048
1712268674.3902044,-1.2665755218929715,0.48684143357806736,0.20483980576197305
1712268674.3912237,-1.1839179197947185,0.42098267210854423,0.18417136536704168
1712268674.3922427,-1.0508252514733207,0.36318110095130074,0.16910793052779302
1712268674.393262,-0.8750026755862765,0.285411708884769,0.13828042480680677
1712268674.394281,-0.6641557481553819,0.1820694903532664,0.0780266523361206
1712268674.3953,-0.4116298092736138,0.08117946485678355,-0.0049964504109488595
1712268674.3963192,-0.12898285355832842,-0.012351575617988903,-0.07014184362358517
1712268674.3973382,0.1680569847424825,-0.12828235824902853,-0.14089114136166042
1712268674.3983574,0.46442144446902806,-0.20988922980096605,-0.2021838559044732
1712268674.3993764,0.741518669658237,-0.2673292491171095,-0.2421116828918457
1712268674.4003956,0.9877884387969971,-0.34823563363817,-0.2883438931571113
1712268674.4014146,1.1818615595499675,-0.4126805398199293,-0.3300229377216763
1712268674.4024339,1.3191841708289251,-0.44070005416870117,-0.35138782527711654
1712268674.4034529,1.3899473349253337,-0.4480552011066013,-0.3342258599069383
1712268674.4044719,1.387495067384508,-0.45120739274554783,-0.3191653887430827
1712268674.405491,1.3202350669436984,-0.4175839490360684,-0.29499851995044285
1712268674.40651,1.1923710505167644,-0.3755546609560648,-0.26312632693184745
1712268674.4075294,1.0049537817637126,-0.34123076332939994,-0.23545703954166836
1712268674.4085484,0.760785871081882,-0.27223267489009434,-0.19728044668833414
1712268674.4095676,0.4773830042945014,-0.16785994172096252,-0.14089114136166042
1712268674.4105866,0.15579604440265232,-0.06068525628911124,-0.08905502657095592
1712268674.4116058,-0.17451458507113987,0.03563883403937022,-0.06033501277367274
1712268674.4126248,-0.48623181051678127,0.15824824571609497,-0.03371646420823203
1712268674.4136438,-0.7671275403764513,0.2619407574335734,0.006913200227750672
1712268674.414663,-1.0024915801154242,0.348818302154541,0.03704008128907945
1712268674.415682,-1.1779638131459553,0.4511095749007331,0.07697571482923296
1712268674.4167013,-1.2889912393358018,0.5197708143128289,0.11691135664780934
1712268674.4177203,-1.3352233833736844,0.5344839559661018,0.1302232344945272
1712268674.4187396,-1.3236653804779053,0.5337833364804586,0.1337263567580117
1712268674.4197586,-1.2525657812754314,0.5239745643403795,0.14703823460472953
1712268674.4207776,-1.135234038035075,0.48403895563549465,0.1659551097287072
1712268674.4217968,-0.9744720326529609,0.40907204151153564,0.14843949013286167
1712268674.4228158,-0.7678280274073283,0.3393598397572835,0.12321698168913522
1712268674.423835,-0.5244083868132697,0.21920262111557853,0.0801285273498959
1712268674.424854,-0.2519185178809696,0.07277196480168237,0.01882382772035069
1712268674.4258733,0.03704008128907945,-0.049127203722794846,-0.03756914701726701
1712268674.4268923,0.3320032689306471,-0.16821018523640102,-0.09010575711727142
1712268674.4279115,0.6073489454057481,-0.2914960847960578,-0.1531496975156996
1712268674.4289305,0.8592237366570367,-0.3979702790578206,-0.23405606547991434
1712268674.4299495,1.072213782204522,-0.46346591578589547,-0.2918463283114963
1712268674.4309688,1.2312556637658012,-0.5216064386897616,-0.3342258599069383
1712268674.4319878,1.3286426332261827,-0.5380679170290629,-0.3664483295546638
1712268674.433007,1.360521051618788,-0.5002415511343214,-0.36714881658554077
1712268674.434026,1.3321456644270155,-0.46346591578589547,-0.3622454073694017
1712268674.4350452,1.2428160508473713,-0.42248739136589897,-0.35489026043150157
1712268674.4360642,1.0939331849416096,-0.34963660769992405,-0.3293224506907993
1712268674.4370832,0.891452497906155,-0.24596436156166923,-0.266979005601671
1712268674.4381025,0.6388770871692233,-0.15174870689709982,-0.19973215129640368
1712268674.4391215,0.3484679592980279,-0.04247256451182895,-0.14089114136166042
1712268674.4401407,0.03949227018488778,0.07487383981545766,-0.07539550463358562
1712268674.4411597,-0.27153218785921734,0.15194260411792332,-0.02425987480415238
1712268674.442179,-0.5713411172231039,0.22831075721316868,0.021626328428586323
1712268674.443198,-0.8378768629497951,0.31553857856326634,0.07837697035736507
1712268674.4442172,-1.055028173658583,0.37999610106150306,0.1277710414595074
1712268674.4452362,-1.222444772720337,0.41012300385369194,0.14563697907659742
1712268674.4462552,-1.31981266869439,0.43534550401899547,0.13652885953585306
1712268674.4472744,-1.3502838876512315,0.4553133249282837,0.14318479432000053
1712268674.4482934,-1.3222644064161513,0.4367467429902818,0.1340766665008333
1712268674.4493127,-1.2399570147196453,0.4349951942761739,0.12181572616100311
1712268674.4503317,-1.1072144905726116,0.4269380039638943,0.11410885386996798
1712268674.451351,-0.9254378742641872,0.36633392175038654,0.07942790786425273
1712268674.45237,-0.6988299555248684,0.2857620186275906,0.030384144435326256
1712268674.4533892,-0.43159372276730007,0.2072920070754157,-0.014453039815028507
1712268674.4544082,-0.13808919323815239,0.11235728859901428,-0.035817929440074496
1712268674.4554272,0.1659551097287072,-0.013402308233910136,-0.08064916564358605
1712268674.4564464,0.46827488475375706,-0.11917601856920454,-0.1261808971563975
1712268674.4574654,0.7481746541129218,-0.23475655251079136,-0.17031164632903203
1712268674.4584846,0.9937437375386555,-0.3699507647090488,-0.22179752588272095
1712268674.4595037,1.1846641699473064,-0.4617146982087029,-0.2599741352929009
1712268674.460523,1.3139294253455267,-0.5125001072883606,-0.2746843794981639
1712268674.461542,1.3755844699011908,-0.5485752556059096,-0.28694291909535724
1712268674.462561,1.3678775893317328,-0.5667879184087118,-0.3146121899286906
1712268674.4635801,1.302719513575236,-0.5331645078129238,-0.3328248858451843
1712268674.4645991,1.1759062608083088,-0.47922690709431964,-0.32301806741290623
1712268674.4656184,0.9916418790817261,-0.39972149663501316,-0.3062063455581665
1712268674.4666374,0.756582154168023,-0.26172535287009346,-0.266979005601671
1712268674.4676566,0.4847395751211378,-0.12407943606376648,-0.21374190847078958
1712268674.4686756,0.18522231115235221,-0.0007935216934937569,-0.17171262039078605
1712268674.4696949,-0.1261808971563975,0.12146541641818152,-0.12197796669271257
1712268674.4707139,-0.42388836542765296,0.25703638792037964,-0.05368037356270684
1712268674.4717329,-0.6977791918648614,0.3589773509237501,0.031084768060180876
1712268674.472752,-0.9338437186347114,0.43219268321990967,0.08853603568341997
1712268674.473771,-1.1135188738505046,0.49980302651723224,0.1438854303624895
1712268674.4747903,-1.234703328874376,0.5061086350017123,0.17856637636820474
1712268674.4758093,-1.299848821428087,0.47913455300860935,0.190126680665546
1712268674.4768286,-1.308955086602105,0.4651220639546712,0.20273793074819776
1712268674.4778476,-1.2637735737694633,0.4328933027055528,0.20834293630388048
1712268674.4788666,-1.1741111013624403,0.37369049257702297,0.18312043613857693
1712268674.4798858,-1.0336632861031425,0.30467891030841404,0.12286666366789076
1712268674.4809048,-0.8406788110733032,0.24582639336585999,0.06891852865616481
1712268674.481924,-0.6074162324269613,0.15614637070231968,0.011116951290104125
1712268674.482943,-0.34158100684483844,0.07382290230857001,-0.05122866895463731
1712268674.4839623,-0.04702573849095239,0.011817575949761603,-0.09956234859095679
1712268674.4849813,0.25493451290660435,-0.07854770455095503,-0.15420042806201512
1712268674.4860005,0.5541014671325684,-0.18922482927640277,-0.2147926390171051
1712268674.4870195,0.8297974533504909,-0.27818683120939464,-0.266278518570794
1712268674.4880385,1.0662584834628634,-0.34123076332939994,-0.2816892663637797
1712268674.4890578,1.241765022277832,-0.4126805398199293,-0.2900951107343038
1712268674.4900768,1.3538650671641033,-0.4522581232918633,-0.30340439743465847
1712268674.491096,1.399756007724338,-0.4666181405385335,-0.30095269282658893
1712268674.492115,1.3808392153845892,-0.4953381419181824,-0.3013029363420274
1712268674.4931343,1.2901082303788927,-0.48798302809397376,-0.2928970588578118
1712268674.4941533,1.1356204085879855,-0.4347459144062466,-0.2592736482620239
1712268674.4951725,0.9240315357844034,-0.3573419650395711,-0.22144728236728245
1712268674.4961915,0.6577940119637383,-0.27783658769395614,-0.19657995965745714
1712268674.4972105,0.35827673143810695,-0.16330677602026197,-0.18011848131815592
1712268674.4982297,0.04159414519866308,-0.034767194754547544,-0.13668821917639837
1712268674.4992487,-0.27748632762167186,0.08047884537114038,-0.09851161804464129
1712268674.500268,-0.5797469615936279,0.2276101377275255,-0.0484267125527064
1712268674.501287,-0.8434807591968112,0.3617798619800144,0.015320702352457576
1712268674.5023062,-1.0508252514733207,0.44445362355973983,0.059109777212142944
1712268674.5033252,-1.2007297409905326,0.49805144468943274,0.08958697319030762
1712268674.5043442,-1.2875902652740479,0.5407895975642734,0.12286666366789076
1712268674.5053635,-1.3138585620456271,0.5597064892450968,0.17436260978380838
1712268674.5063825,-1.2896916601392958,0.5327324072519938,0.19257886542214286
1712268674.5074017,-1.2122877438863118,0.5078602168295119,0.1960819959640503
1712268674.5084207,-1.0851491159862943,0.4458548625310262,0.18347074588139853
1712268674.50944,-0.9145802921719021,0.3365573618147108,0.14213386509153578
1712268674.510459,-0.7037333647410074,0.24092200729582045,0.09764416350258721
1712268674.5114782,-0.4571615325080024,0.14318479432000053,0.05946008695496453
1712268674.5124972,-0.1895750727918413,0.02407851732439465,0.005161637026402685
1712268674.5135162,0.0958925982316335,-0.10761795772446527,-0.07679648697376251
1712268674.5145354,0.3880532913737827,-0.20883849925465053,-0.15630188915464613
1712268674.5155544,0.6697046094470553,-0.3114599982897441,-0.21654387315114337
1712268674.5165737,0.9191271993849013,-0.3979702790578206,-0.27643559707535637
1712268674.5175927,1.1216078864203558,-0.4298425051901075,-0.3118102418051826
1712268674.518612,1.2708409627278645,-0.4501566621992323,-0.3338756163914998
1712268674.519631,1.3566675451066759,-0.4718717932701111,-0.3573419650395711
1712268674.52065,1.3808392153845892,-0.46906984514660305,-0.3699507647090488
1712268674.5216691,1.3395023345947266,-0.42283763488133747,-0.3457839290301005
1712268674.5226882,1.2316060066223145,-0.3759049044715034,-0.2985009882185194
1712268674.5237074,1.0610038042068481,-0.3121604853206211,-0.26242583990097046
1712268674.5247264,0.8378546767764621,-0.21619362963570488,-0.20953898628552753
1712268674.5257456,0.5705661243862575,-0.14194187190797594,-0.1619057854016622
1712268674.5267646,0.2671954532464345,-0.06839062604639265,-0.11882577505376604
1712268674.5277839,-0.056482329964637756,0.03949227018488778,-0.06068525628911124
1712268674.5288029,-0.37345319986343384,0.14703823460472953,-0.0007935216934937569
1712268674.5298219,-0.6760640939076742,0.23461638225449455,0.043345710469616786
1712268674.530841,-0.9345442056655884,0.3060801492797004,0.05875946333010991
1712268674.53186,-1.131731669108073,0.38560112317403156,0.08258072038491567
1712268674.5328794,-1.2676262855529785,0.42448580265045166,0.10359947052266863
1712268674.5338984,-1.3380253314971924,0.4633705152405633,0.11621072888374329
1712268674.5349176,-1.3478321499294705,0.5099620752864413,0.13722947902149624
1712268674.5359366,-1.297747294108073,0.5061086350017123,0.14143322904904684
1712268674.5369558,-1.1944252914852567,0.46792457501093543,0.11971385114722781
1712268674.5379748,-1.0417188538445366,0.4279889331923591,0.0941410329606798
1712268674.5389938,-0.8406788110733032,0.3750917315483093,0.09133853018283844
1712268674.540013,-0.6063655349943373,0.27875575754377574,0.06856821477413177
1712268674.541032,-0.3384288152058919,0.1761141750547621,0.025129454831282295
1712268674.5420513,-0.04422378622823291,0.06401415086454815,-0.020056944340467453
1712268674.5430703,0.25598545869191486,-0.0887047830555174,-0.07994867861270905
1712268674.5440896,0.5467448963059319,-0.22985314329465228,-0.14299261901113722
1712268674.5451086,0.8150843116972182,-0.3377283281750149,-0.18502190709114075
1712268674.5461276,1.0368322001563177,-0.42914201815923053,-0.22389898697535196
1712268674.5471468,1.202530066172282,-0.5153020554118686,-0.27608535355991787
1712268674.5481658,1.3135792149437797,-0.5552298823992411,-0.3286219636599223
1712268674.549185,1.3633235295613606,-0.5604835351308187,-0.34823563363817
1712268674.550204,1.3468588723076713,-0.5527781777911716,-0.3618951638539632
1712268674.5512233,1.2690895133548312,-0.48307958576414317,-0.3527887993388706
1712268674.5522423,1.1272128423055012,-0.38326005140940345,-0.3209166063202752
1712268674.5532615,0.9352415800094604,-0.2960492836104499,-0.2935975458886888
1712268674.5542805,0.6931755940119425,-0.19482874208026463,-0.25892340474658543
1712268674.5552995,0.4171292318238152,-0.07084233065446217,-0.20673703816201952
1712268674.5563188,0.11691135664780934,0.05946008695496453,-0.12302869723902808
1712268674.5573378,-0.19447848200798035,0.16245199574364555,-0.05333013004726834
1712268674.558357,-0.4911352197329203,0.277704828315311,0.010066013783216476
1712268674.559376,-0.7611733675003052,0.3575761119524638,0.0671669633852111
1712268674.5603952,-0.988131562868754,0.38455016083187527,0.10430009828673469
1712268674.5614142,-1.1618525452084012,0.4241354929076301,0.13933135403527153
1712268674.5624332,-1.2742809454600017,0.45391205284330577,0.17681481109725103
1712268674.5634525,-1.3303200403849285,0.4507592651579115,0.19433043069309658
1712268674.5644715,-1.3296194871266682,0.4241354929076301,0.1715601152843899
1712268674.5654907,-1.2679764959547255,0.40837142202589244,0.14283448457717896
1712268674.5665097,-1.15309649043613,0.3656333022647434,0.11971385114722781
1712268674.567529,-0.9926846954557631,0.3088826603359646,0.07837697035736507
1712268674.568548,-0.7832387420866225,0.27245014905929565,0.04474695771932602
1712268674.5695672,-0.5303625596894158,0.20694168077574834,0.006212575050691763
1712268674.5705862,-0.24631460507710773,0.10745291080739763,-0.05438086473279529
1712268674.5716052,0.05735821194118924,0.002709448906696505,-0.11602381865183511
1712268674.5726244,0.36983705229229397,-0.08835453954007891,-0.15700237618552312
1712268674.5736434,0.6633989678488837,-0.19342775146166483,-0.18116921186447144
1712268674.5746627,0.9236812591552734,-0.2963995271258884,-0.22074679533640543
1712268674.5756817,1.1356204085879855,-0.3657478425237867,-0.24771559569570753
1712268674.576701,1.291159126493666,-0.4501566621992323,-0.27678584059079486
1712268674.57772,1.3818901114993625,-0.5198552211125692,-0.30410488446553546
1712268674.5787392,1.3987051116095648,-0.5352659689055549,-0.30375464095009697
1712268674.5797582,1.3507122463650174,-0.5212561951743232,-0.2886941366725498
1712268674.5807772,1.2323066923353407,-0.49253619379467434,-0.27748632762167186
1712268674.5817964,1.0585516028934054,-0.43754786252975464,-0.2823897533946567
1712268674.5828154,0.8343515131208632,-0.3342258599069383,-0.2592736482620239
1712268674.5838346,0.5670630269580417,-0.23545703954166836,-0.22600044806798297
1712268674.5848536,0.2675457629892561,-0.09991259210639529,-0.18677312466833326
1712268674.585873,-0.04772622552182939,0.06786759114927715,-0.125830653640959
1712268674.586892,-0.3573419650395711,0.20063605573442247,-0.06874086956183116
1712268674.587911,-0.6438416242599487,0.30818204085032147,-0.025310605350467894
1712268674.5889301,-0.8869110213385688,0.4094223512543572,0.021626328428586323
1712268674.5899491,-1.0770935482449002,0.49489862389034694,0.09449135098192427
1712268674.5909684,-1.212988297144572,0.5288789669672648,0.14949041936132643
1712268674.5919874,-1.2882906860775418,0.5481461352772182,0.18277012639575535
1712268674.5930066,-1.304752164416843,0.5435920755068461,0.20869324604670206
1712268674.5940256,-1.2693774700164795,0.4857905043496026,0.2051901320616404
1712268674.5950449,-1.1856692367129855,0.4195814331372579,0.18522231115235221
1712268674.5960639,-1.0532769229676988,0.3610792424943712,0.17191042502721152
1712268674.5970829,-0.8792056639989216,0.2836601601706611,0.1400319900777605
1712268674.598102,-0.666607485877143,0.17436260978380838,0.0759247773223453
1712268674.599121,-0.4112795657581753,0.07837697035736507,-0.0070979151253898936
1712268674.6001403,-0.125830653640959,-0.01550377243094974,-0.06874086956183116
1712268674.6011593,0.1698085500134362,-0.12898285355832842,-0.1384394367535909
1712268674.6021786,0.46442144446902806,-0.2032345864507887,-0.19622971614201862
1712268674.6031976,0.7429199748569064,-0.2690804832511478,-0.23825900422202215
1712268674.6042168,0.9888394011391534,-0.3478853901227315,-0.28589218854904175
1712268674.6052358,1.1815113491482205,-0.4126805398199293,-0.32722098959816825
1712268674.6062548,1.3205854098002117,-0.4403498106532627,-0.3457839290301005
1712268674.607274,1.3892466492123074,-0.4491059316529168,-0.32617025905185276
1712268674.608293,1.387495067384508,-0.4582122630543179,-0.3160131639904446
1712268674.6093123,1.3209357526567247,-0.4203858971595764,-0.2939477894041273
1712268674.6103313,1.1923710505167644,-0.38326005140940345,-0.2652277880244785
1712268674.6113505,1.0039028194215562,-0.35489026043150157,-0.2417614393764072
1712268674.6123695,0.7614864905675252,-0.27748632762167186,-0.20533604754341972
1712268674.6133885,0.473879873752594,-0.17136237687534756,-0.14824627174271476
1712268674.6144078,0.15439480543136597,-0.06698965198463863,-0.09956234859095679
1712268674.6154268,-0.1762658026483324,0.03388726876841651,-0.07539550463358562
1712268674.616446,-0.4897342456711663,0.15824824571609497,-0.04632525146007538
1712268674.617465,-0.7723812262217203,0.2619407574335734,-0.002894986213909255
1712268674.6184843,-1.0077451997333102,0.3498692313830058,0.03143508194221391
1712268674.6195033,-1.1825169457329643,0.4535617431004842,0.0780266523361206
1712268674.6205225,-1.2907424237993028,0.5166180266274346,0.11831260389751858
1712268674.6215415,-1.3369745678371854,0.5288789669672648,0.13267541925112405
1712268674.6225605,-1.3233151700761583,0.5257261461681789,0.13722947902149624
1712268674.6235797,-1.2525657812754314,0.5222230156262716,0.15334385964605543
1712268674.6245987,-1.134883827633328,0.4770326945516798,0.1698085500134362
1712268674.625618,-0.9744720326529609,0.40837142202589244,0.14703823460472953
1712268674.626637,-0.7688787248399522,0.3362070189581977,0.11866291364034016
1712268674.6276562,-0.5237078997823927,0.21640012661616007,0.07277196480168237
1712268674.6286752,-0.2522687613964081,0.07522415783670214,0.006913200227750672
1712268674.6296942,0.03563883403937022,-0.043523299197355904,-0.04562476028998693
1712268674.6307135,0.3281498286459181,-0.15700237618552312,-0.09535941812727186
1712268674.6317325,0.6045464674631754,-0.2823897533946567,-0.15700237618552312
1712268674.6327517,0.856771535343594,-0.38991467820273507,-0.23475655251079136
1712268674.6337707,1.0704622003767226,-0.45611080196168685,-0.2886941366725498
1712268674.63479,1.2316060066223145,-0.5212561951743232,-0.3296726942062378
1712268674.635809,1.3310947683122423,-0.5359664559364319,-0.3569917215241326
1712268674.6368282,1.3650751113891602,-0.4981400900416904,-0.3559409909778171
1712268674.6378472,1.3370500670539007,-0.467668871084849,-0.34998685121536255
1712268674.6388662,1.2470197677612305,-0.42388836542765296,-0.343332224422031
1712268674.6398854,1.0998884836832683,-0.346834659576416,-0.3198658757739597
1712268674.6409044,0.8988090356190999,-0.24071070883009169,-0.2571721706125471
1712268674.6419237,0.6430808703104655,-0.1485965152581533,-0.19272726443078783
1712268674.6429427,0.35337236192491317,-0.03371646420823203,-0.13633797566095987
1712268674.643962,0.040893521573808454,0.08258072038491567,-0.07224331299463908
1712268674.644981,-0.2711819443437788,0.15474511517418754,-0.021808166056871414
1712268674.6460001,-0.5709908405939738,0.23461638225449455,0.02372820344236162
1712268674.6470191,-0.8371763759189181,0.321844220161438,0.08152978287802802
1712268674.6480381,-1.057830121782091,0.38069672054714626,0.12672010395261976
1712268674.6490574,-1.221394141515096,0.4104733135965135,0.14353510406282213
1712268674.6500764,-1.3208634323543973,0.4356958137618171,0.1379301067855623
1712268674.6510956,-1.3495834668477376,0.44795675410164726,0.14528666933377585
1712268674.6521146,-1.3233151700761583,0.43254299296273124,0.13582823177178702
1712268674.6531339,-1.2417081991831462,0.4339442319340176,0.12426791919602288
1712268674.6541529,-1.1075647672017415,0.4230845636791653,0.11621072888374329
1712268674.6551719,-0.9250875976350572,0.36703454123602974,0.08117946485678355
1712268674.656191,-0.6991801659266154,0.2836601601706611,0.03423758265044954
1712268674.65721,-0.4312434792518616,0.20869324604670206,-0.00849889125674963
1712268674.6582294,-0.13808919323815239,0.11410885386996798,-0.029863779329591326
1712268674.6592484,0.16455387075742087,-0.012701820168230269,-0.0739945305718316
1712268674.6602676,0.466172993183136,-0.11707454919815063,-0.11847553153832753
1712268674.6612866,0.7485249307420518,-0.23965997828377616,-0.165408237112893
1712268674.6623058,0.9940940803951687,-0.3790570961104499,-0.22074679533640543
1712268674.6633248,1.1853647232055664,-0.4652171664767795,-0.2592736482620239
1712268674.6643438,1.31427976820204,-0.5170532729890611,-0.27748632762167186
1712268674.665363,1.3734825452168782,-0.5534786648220485,-0.2971000141567654
1712268674.666382,1.3643744256761339,-0.5702903535630968,-0.32792147662904525
1712268674.6674013,1.3006175888909233,-0.5310630467202928,-0.34193125036027694
1712268674.6684203,1.1738044685787625,-0.47852642006344265,-0.3293224506907993
1712268674.6694396,0.9895400206247965,-0.3976200355423821,-0.31321121586693657
1712268674.6704586,0.753078990512424,-0.2599741352929009,-0.2690804832511478
1712268674.6714776,0.4805358250935872,-0.125130166610082,-0.2154931260479821
1712268674.6724968,0.18101856112480164,-0.009199378805028068,-0.17066188984447056
1712268674.6735158,-0.12442967957920498,0.11866291364034016,-0.12162772317727406
1712268674.674535,-0.421786904335022,0.25248232815000743,-0.04632525146007538
1712268674.675554,-0.6974289814631144,0.3509201606114705,0.03528852015733719
1712268674.6765733,-0.9345442056655884,0.42378518316480845,0.09063791069719526
1712268674.6775923,-1.1135188738505046,0.48894332514868843,0.14143322904904684
1712268674.6786115,-1.235754092534383,0.49594958623250324,0.1736619902981652
1712268674.6796305,-1.302300426695082,0.4749308029810587,0.18066825138198003
1712268674.6806495,-1.3100058502621121,0.4651220639546712,0.19327950146463183
1712268674.6816688,-1.2648243374294705,0.4398995637893677,0.19713294174936083
1712268674.6826878,-1.1744614442189534,0.3834992316034105,0.17120980554156834
1712268674.683707,-1.0347139835357666,0.31553857856326634,0.1120069788561927
1712268674.684726,-0.8434807591968112,0.25493451290660435,0.0650650883714358
1712268674.6857452,-0.6084669960869683,0.16245199574364555,0.010766638442873955
1712268674.6867642,-0.34053027629852295,0.0839819676346249,-0.04562476028998693
1712268674.6877835,-0.04772622552182939,0.016371639859345224,-0.08695356547832489
1712268674.6888025,0.2577370074060228,-0.07959843509727053,-0.14264237549569872
1712268674.6898215,0.556553668446011,-0.18467166357570225,-0.20253409941991168
1712268674.6908407,0.8340012364917331,-0.27608535355991787,-0.25401997897360057
1712268674.6918597,1.0708125432332356,-0.3391293022367689,-0.2687302397357093
1712268674.692879,1.2470197677612305,-0.4105790787272983,-0.28098877933290267
1712268674.693898,1.3591198126475017,-0.44490300946765476,-0.2967497706413269
1712268674.6949172,1.4046604103512235,-0.4599634806315104,-0.2978005011876424
1712268674.6959362,1.3829410076141357,-0.4890337586402893,-0.30025220579571194
1712268674.6969552,1.291509469350179,-0.48027763764063514,-0.29429803291956586
1712268674.6979744,1.1356204085879855,-0.42283763488133747,-0.2599741352929009
1712268674.6989934,0.9205284383561876,-0.3534892863697476,-0.22249801291359794
1712268674.7000127,0.6553418106502956,-0.27678584059079486,-0.2021838559044732
1712268674.7010317,0.3572258022096422,-0.1619057854016622,-0.18362091647254095
1712268674.702051,0.040543207691775426,-0.034767194754547544,-0.14019065433078343
1712268674.70307,-0.2795878052711487,0.0797782176070743,-0.1002628356218338
1712268674.7040892,-0.5804474486245049,0.22480762667126125,-0.04667549497551388
1712268674.7051082,-0.8417295085059272,0.35442329115337795,0.015320702352457576
1712268674.7061272,-1.0518759489059448,0.43639643324746025,0.05595696055226856
1712268674.7071464,-1.2028311358557806,0.48999425437715316,0.08888634542624156
1712268674.7081654,-1.2861892912122939,0.5400889449649386,0.12566916644573212
1712268674.7091846,-1.31210724512736,0.5590058697594537,0.1775154305828942
1712268674.7102036,-1.2875902652740479,0.5320317546526591,0.19433043069309658
1712268674.711223,-1.2105365594228108,0.5071595642301772,0.1974832514921824
1712268674.712242,-1.0858496030171711,0.4388486345609029,0.18312043613857693
1712268674.713261,-0.9145802921719021,0.3292007909880744,0.14178353879186842
1712268674.7142801,-0.7061850362353854,0.2335654530260298,0.09834478298823038
1712268674.7152991,-0.4610142111778259,0.13512760400772095,0.05735821194118924
1712268674.7163184,-0.1913262903690338,0.015320702352457576,-0.0007935216934937569
1712268674.7173374,0.09449135098192427,-0.11567357513639662,-0.0876540525092019
1712268674.7183566,0.38665205240249634,-0.21374190847078958,-0.165408237112893
1712268674.7193756,0.6679530276192559,-0.3195156322585212,-0.22494971752166748
1712268674.7203948,0.9156240357293023,-0.40462493896484375,-0.28554194503360325
1712268674.7214139,1.1188054084777832,-0.4305429922209846,-0.31671368413501316
1712268674.7224329,1.2666372458140056,-0.4536590973536173,-0.33632732099956936
1712268674.723452,1.35351472430759,-0.47747568951712716,-0.3576922085550096
1712268674.724471,1.3769857088724773,-0.4715215497546726,-0.36399662494659424
1712268674.7254903,1.3370500670539007,-0.4298425051901075,-0.33667756451500785
1712268674.7265093,1.2274022897084553,-0.38326005140940345,-0.2900951107343038
1712268674.7275286,1.0589018795225356,-0.32266782389746773,-0.2529692484272851
1712268674.7285476,0.8371540572908189,-0.2263506915834215,-0.2021838559044732
1712268674.7295668,0.5702158477571275,-0.1534999410311381,-0.15770286321640015
1712268674.7305858,0.26684514350361294,-0.0750452611181471,-0.11707454919815063
1712268674.7316048,-0.054030621217356786,0.03318664514356189,-0.06068525628911124
1712268674.732624,-0.37450393040974933,0.14283448457717896,-0.003245230246749189
1712268674.733643,-0.6764143043094211,0.22866106695599026,0.033536956955989204
1712268674.7346623,-0.9355949030982124,0.3088826603359646,0.046848836872312755
1712268674.7356813,-1.1341832743750677,0.38840360111660427,0.07557446757952373
1712268674.7367005,-1.2690272596147325,0.4293901721636454,0.09834478298823038
1712268674.7377195,-1.3404770692189534,0.47212832503848606,0.11726166639063093
1712268674.7387385,-1.3478321499294705,0.5131148960855272,0.13968166377809313
1712268674.7397578,-1.2966965304480658,0.5057583252588908,0.14458604984813267
1712268674.7407768,-1.1940750810835097,0.46862519449657863,0.13057354423734877
1712268674.741796,-1.0417188538445366,0.4230845636791653,0.10990510384241739
1712268674.742815,-0.8403285344441731,0.3726395302348667,0.10465041630797915
1712268674.7438343,-0.6053147713343302,0.27350107828776044,0.08047884537114038
1712268674.7448533,-0.3335253728760613,0.1761141750547621,0.03528852015733719
1712268674.7458725,-0.04002085576454798,0.06401415086454815,-0.0120013321025504
1712268674.7468915,0.26264139347606236,-0.09290771351920234,-0.07714673048920101
1712268674.7479105,0.5523498853047689,-0.22494971752166748,-0.14229213198026022
1712268674.7489297,0.8161352740393745,-0.32792147662904525,-0.18362091647254095
1712268674.7499487,1.0368322001563177,-0.42458885245853,-0.22494971752166748
1712268674.750968,1.2014791700575087,-0.5061957240104675,-0.28098877933290267
1712268674.751987,1.3132288720872667,-0.5436718132760789,-0.3310736682679918
1712268674.7530062,1.3633235295613606,-0.5517274472448561,-0.35103758176167804
1712268674.7540252,1.3479097684224446,-0.546473761399587,-0.36434686846203274
1712268674.7550442,1.268038484785292,-0.47817617654800415,-0.35138782527711654
1712268674.7560635,1.1293147669898138,-0.38290980789396495,-0.3195156322585212
1712268674.7570825,0.9352415800094604,-0.2971000141567654,-0.2925468153423733
1712268674.7581017,0.6970289680692885,-0.19938190778096515,-0.2571721706125471
1712268674.7591207,0.42378518316480845,-0.06804038253095415,-0.19903166426552665
1712268674.76014,0.12356729143195681,0.05946008695496453,-0.11252137521902719
1712268674.761159,-0.18782385521464878,0.1659551097287072,-0.04772622552182939
1712268674.7621782,-0.4890337586402893,0.28015702962875366,0.017772890213463042
1712268674.7631972,-0.7583714193767971,0.35547422038184273,0.07312228282292683
1712268674.7642162,-0.9849793381161159,0.39015518294440377,0.10885416633552975
1712268674.7652354,-1.1597511503431532,0.4293901721636454,0.1438854303624895
1712268674.7662544,-1.2721794181399875,0.4581158028708564,0.18031792508231267
1712268674.7672737,-1.3292692767249212,0.45566363467110527,0.19257886542214286
1712268674.7682927,-1.3289190663231742,0.42658769422107273,0.16665574577119616
1712268674.769312,-1.2676262855529785,0.40907204151153564,0.1379301067855623
1712268674.770331,-1.152396069632636,0.3628307912084791,0.11165666083494821
1712268674.7713501,-0.990233023961385,0.3092329700787862,0.07031978004508548
1712268674.7723691,-0.7828885316848755,0.27945641014311046,0.04019289794895384
1712268674.7733881,-0.5307128032048544,0.2114957571029663,0.0020088237296375963
1712268674.7744074,-0.24561411804623073,0.10850384831428528,-0.0557818387945493
1712268674.7754264,0.05875946333010991,0.0030597614952259595,-0.11672430568271212
1712268674.7764456,0.3666842314932081,-0.08625307016902499,-0.1513984633816613
1712268674.7774646,0.6595455275641547,-0.19517898559570312,-0.17486482858657837
1712268674.7784839,0.9194774760140313,-0.2985009882185194,-0.2144423955016666
1712268674.7795029,1.13316814104716,-0.3713517387708028,-0.2417614393764072
1712268674.7805219,1.2901082303788927,-0.4596132371160719,-0.2704814573129018
1712268674.781541,1.3776863945855033,-0.5279108550813463,-0.2967497706413269
1712268674.78256,1.3973038726382785,-0.540869865152571,-0.29885123173395794
1712268674.7835793,1.3479097684224446,-0.5282610985967848,-0.2900951107343038
1712268674.7845984,1.2288035286797416,-0.5016425251960754,-0.28729316261079574
1712268674.7856176,1.0539975431230333,-0.4403498106532627,-0.2939477894041273
1712268674.7866366,0.8311986923217773,-0.3384288152058919,-0.27153218785921734
1712268674.7876558,0.5625089671876695,-0.23580728305710685,-0.23825900422202215
1712268674.7886748,0.2619407574335734,-0.09605990515814887,-0.19447848200798035
1712268674.7896938,-0.0550813517636723,0.06786759114927715,-0.12968334058920541
1712268674.790713,-0.36399662494659424,0.19888449046346876,-0.0739945305718316
1712268674.791732,-0.6494455205069648,0.3053795297940572,-0.025310605350467894
1712268674.7927513,-0.8883119954003228,0.40416767199834186,0.027231329845057592
1712268674.7937703,-1.0770935482449002,0.48789239592022365,0.10219822327295938
1712268674.7947896,-1.2136887179480658,0.516267716884613,0.157547609673606
1712268674.7958086,-1.2875902652740479,0.5425411462783813,0.1911776264508565
1712268674.7968278,-1.30580292807685,0.5344839559661018,0.21464856134520635
1712268674.7978468,-1.2679764959547255,0.4735295640097724,0.20659137103292677
1712268674.7988658,-1.1870702107747395,0.41397644413842094,0.18837511539459229
1712268674.799885,-1.0543276866277058,0.35862704118092853,0.16945824027061462
1712268674.800904,-0.8792056639989216,0.2829595075713264,0.13442698452207777
1712268674.8019233,-0.66765824953715,0.17961730559666952,0.06786759114927715
1712268674.8029423,-0.41443175739712185,0.08853603568341997,-0.014102796299590005
1712268674.8039615,-0.13248528871271345,-0.010600355971190665,-0.07574574814902411
1712268674.8049805,0.1638532347149319,-0.1275818712181515,-0.14439359307289124
1712268674.8059995,0.45951707495583427,-0.20008239481184217,-0.19973215129640368
1712268674.8070188,0.7397671540578207,-0.26487754450904,-0.23965997828377616
1712268674.8080378,0.9846356179979112,-0.34998685121536255,-0.28589218854904175
1712268674.809057,1.1815113491482205,-0.4179341925515069,-0.32582001553641426
1712268674.810076,1.3212860955132377,-0.4428015483750237,-0.33982978926764595
1712268674.8110952,1.3899473349253337,-0.45611080196168685,-0.31881514522764415
1712268674.8121142,1.3888963063557942,-0.4638161924150255,-0.3118102418051826
1712268674.8131335,1.321986648771498,-0.425289339489407,-0.2897448672188653
1712268674.8141525,1.1944728427463107,-0.39061516523361206,-0.26312632693184745
1712268674.8151715,1.0074059830771551,-0.3552405039469401,-0.24106095234553018
1712268674.8161907,0.760785871081882,-0.27573511004447937,-0.2011331253581577
1712268674.8172097,0.4749308029810587,-0.16961115929815504,-0.14579456713464525
1712268674.818229,0.15194260411792332,-0.06593891729911168,-0.09991259210639529
1712268674.819248,-0.17661604616377088,0.03493820627530416,-0.07714673048920101
1712268674.8202672,-0.4897342456711663,0.16280230548646715,-0.045274516774548426
1712268674.8212862,-0.7702797651290894,0.2612401379479302,-0.003945718312429057
1712268674.8223052,-1.0038925541771782,0.3523213995827569,0.02898289304640558
1712268674.8233244,-1.1779638131459553,0.45601394441392684,0.07557446757952373
1712268674.8243434,-1.2858389483557806,0.5148664447996352,0.11551010111967722
1712268674.8253627,-1.3345229625701904,0.5309808254241943,0.1302232344945272
1712268674.8263817,-1.3208634323543973,0.5299298961957296,0.1375797970427407
1712268674.827401,-1.2494136227501762,0.5271273851394653,0.15964948468738133
1712268674.82842,-1.131731669108073,0.4773830042945014,0.1740123000409868
1712268674.8294392,-0.9706193208694458,0.4104733135965135,0.1540444791316986
1712268674.8304582,-0.7650260792838203,0.3404107689857483,0.1277710414595074
1712268674.8314772,-0.5233576562669542,0.2121963765886095,0.08117946485678355
1712268674.8324964,-0.25086778733465404,0.07137071755197313,0.017072265553805564
1712268674.8335154,0.036339457664224833,-0.04422378622823291,-0.034767194754547544
1712268674.8345346,0.3285001715024312,-0.16330677602026197,-0.08695356547832489
1712268674.8355536,0.6041961908340454,-0.2914960847960578,-0.15630188915464613
1712268674.836573,0.8585231171713935,-0.3948180874188741,-0.24141119586096868
1712268674.837592,1.0729144016901653,-0.4596132371160719,-0.2960492836104499
1712268674.8386111,1.2316060066223145,-0.5205557081434462,-0.3391293022367689
1712268674.8396301,1.3293431864844427,-0.5268600914213393,-0.36714881658554077
1712268674.8406491,1.3629731867048476,-0.49253619379467434,-0.36539759900834823
1712268674.8416684,1.3349482748243544,-0.4617146982087029,-0.3601439462767707
1712268674.8426874,1.244567632675171,-0.4214366277058919,-0.35103758176167804
1712268674.8437066,1.0977866252263386,-0.34228149387571544,-0.3212668498357137
1712268674.8447256,0.8956562148200141,-0.2424619264072842,-0.2522687613964081
1712268674.8457448,0.6427305274539523,-0.1538501845465766,-0.18922482927640277
1712268674.8467638,0.3509201606114705,-0.03932036873367097,-0.127231627702713
1712268674.8477829,0.04019289794895384,0.07137071755197313,-0.061735990974638194
1712268674.848802,-0.27293316192097133,0.14248417483435735,-0.014102796299590005
1712268674.849821,-0.5723918146557277,0.22410700718561807,0.030384144435326256
1712268674.8508403,-0.8375265863206651,0.3109845187928941,0.0860838426484002
1712268674.8518593,-1.057830121782091,0.3757923510339525,0.12742073171668583
1712268674.8528786,-1.22279511557685,0.40521860122680664,0.13863073454962835
1712268674.8538976,-1.318761905034383,0.4416511125034756,0.13232510950830248
1712268674.8549168,-1.3530858357747395,0.4577654931280348,0.1400319900777605
1712268674.8559358,-1.3254165649414062,0.43639643324746025,0.12742073171668583
1712268674.8569548,-1.2417081991831462,0.4455045527882046,0.11971385114722781
1712268674.857974,-1.1089657412634955,0.4272883137067159,0.11305791636308034
1712268674.858993,-0.9278895457585652,0.3614295522371928,0.07627509534358978
1712268674.8600123,-0.7005811399883694,0.2819085783428616,0.031084768060180876
1712268674.8610313,-0.43299469682905406,0.20483980576197305,-0.004295962345268991
1712268674.8620505,-0.1394901672999064,0.10465041630797915,-0.023909629219108157
1712268674.8630695,0.16315261522928873,-0.02215840957230992,-0.07119258244832356
1712268674.8640885,0.46687361266877914,-0.12828235824902853,-0.11567357513639662
1712268674.8651078,0.748875273598565,-0.2522687613964081,-0.164707750082016
1712268674.8661268,0.9933934609095255,-0.3860619995329115,-0.2179448472128974
1712268674.867146,1.1836131413777669,-0.47082106272379554,-0.2550707095199161
1712268674.868165,1.3086748123168945,-0.5212561951743232,-0.2746843794981639
1712268674.8691843,1.368928485446506,-0.5562806129455566,-0.29499851995044285
1712268674.8702033,1.3622726334465873,-0.5692396561304728,-0.3293224506907993
1712268674.8712225,1.298866007063124,-0.5279108550813463,-0.34088051981396145
1712268674.8722415,1.1738044685787625,-0.47747568951712716,-0.33212439881430733
1712268674.8732605,0.9909412595960829,-0.3955185744497511,-0.3146121899286906
1712268674.8742797,0.753078990512424,-0.2557711965507931,-0.2690804832511478
1712268674.8752987,0.4805358250935872,-0.125830653640959,-0.21864533424377441
1712268674.876318,0.1817191806104448,-0.006397426542308595,-0.17486482858657837
1712268674.877337,-0.12477992309464349,0.11796229415469699,-0.12372919254832797
1712268674.8783562,-0.41933516661326087,0.25423389342096114,-0.04562476028998693
1712268674.8793752,-0.6963782178031074,0.3474170300695631,0.03704008128907945
1712268674.8803945,-0.9313919809129503,0.42483611239327324,0.09309009545379214
1712268674.8814135,-1.1121178997887504,0.49174583620495266,0.1477388540903727
1712268674.8824325,-1.232251591152615,0.4924464556905958,0.17926699585384792
1712268674.8834517,-1.299498478571574,0.4728289445241292,0.1918782459364997
1712268674.8844707,-1.3086048762003581,0.46372082498338485,0.2058907515472836
1712268674.88549,-1.2644741270277235,0.4328933027055528,0.20799262656105888
1712268674.886509,-1.1758624182807074,0.3722892204920451,0.17891668611102635
1712268674.8875282,-1.0329627990722656,0.3109845187928941,0.11901323166158465
1712268674.8885472,-0.8396280474132961,0.25283263789282906,0.06891852865616481
1712268674.8895662,-0.6053147713343302,0.161401049958335,0.010416325595643785
1712268674.8905854,-0.3391293022367689,0.08643416066964467,-0.049827690753671855
1712268674.8916044,-0.04387354271279441,0.021626328428586323,-0.09500917461183336
1712268674.8926237,0.26018920871946544,-0.07679648697376251,-0.1534999410311381
1712268674.8936427,0.5583051840464274,-0.18572239412201774,-0.2144423955016666
1712268674.894662,0.8354024754630195,-0.2687302397357093,-0.2610248658392164
1712268674.895681,1.0697615808910794,-0.33562683396869236,-0.27153218785921734
1712268674.8967001,1.2435166041056316,-0.4116298092736138,-0.2844912144872877
1712268674.8977191,1.3556166489919026,-0.4491059316529168,-0.2921965718269348
1712268674.8987381,1.4011572466956244,-0.4711713062392341,-0.2918463283114963
1712268674.8997574,1.3811894257863362,-0.5037439862887064,-0.29429803291956586
1712268674.9007764,1.2901082303788927,-0.49323668082555133,-0.2841409709718492
1712268674.9017956,1.1356204085879855,-0.43684737549887764,-0.2515682743655311
1712268674.9028146,0.9219296773274739,-0.3622454073694017,-0.2172443601820204
1712268674.9038339,0.6560424301359389,-0.28133902284834117,-0.20043263832728067
1712268674.9048529,0.3568754924668206,-0.16015456782446966,-0.18327067295710245
1712268674.9058719,0.04159414519866308,-0.03441695123910904,-0.14089114136166042
1712268674.906891,-0.2785370747248332,0.08468259539869097,-0.10411552257008022
1712268674.90791,-0.5814982122845119,0.23776920305358037,-0.052279399500952825
1712268674.9089293,-0.8434807591968112,0.3677351607216729,0.009015075241525968
1712268674.9099483,-1.0529267125659518,0.44620517227384776,0.050351959135797285
1712268674.9109676,-1.2024809254540336,0.5019048849741617,0.0839819676346249
1712268674.9119866,-1.2868897120157878,0.5453436573346456,0.1263697942097982
1712268674.9130058,-1.3138585620456271,0.5544517768753899,0.17961730559666952
1712268674.9140248,-1.2907424237993028,0.5271273851394653,0.1960819959640503
1712268674.9150438,-1.212988297144572,0.5015545752313402,0.20273793074819776
1712268674.916063,-1.0865501562754314,0.4293901721636454,0.18837511539459229
1712268674.917082,-0.915630989604526,0.32254483964708114,0.14458604984813267
1712268674.9181013,-0.7065353128645155,0.23251450724071926,0.10359947052266863
1712268674.9191203,-0.4624151852395799,0.13512760400772095,0.06191227585077286
1712268674.9201396,-0.19342775146166483,0.014970389505227406,0.0020088237296375963
1712268674.9211586,0.0916888482040829,-0.11147064467271169,-0.08835453954007891
1712268674.9221778,0.38455016083187527,-0.20533604754341972,-0.16365701953570047
1712268674.9231968,0.66444993019104,-0.31040926774342853,-0.22494971752166748
1712268674.9242158,0.914573139614529,-0.39131565226448906,-0.2837907274564107
1712268674.925235,1.1167034837934706,-0.4210863841904534,-0.3160131639904446
1712268674.926254,1.2666372458140056,-0.45155763626098633,-0.3387790587213304
1712268674.9272733,1.3510625892215304,-0.4767752024862501,-0.3611946768230862
1712268674.9282923,1.376285155614217,-0.4718717932701111,-0.36854979064729476
1712268674.9293115,1.3359991709391277,-0.425989826520284,-0.3391293022367689
1712268674.9303305,1.226701603995429,-0.38711273007922703,-0.29464827643500435
1712268674.9313495,1.0568000210656059,-0.31846490171220565,-0.2561214400662316
1712268674.9323688,0.8343515131208632,-0.22705119517114428,-0.20253409941991168
1712268674.9333878,0.5684642659293281,-0.15980432430903116,-0.15700237618552312
1712268674.934407,0.2671954532464345,-0.07994867861270905,-0.1142726010746426
1712268674.935426,-0.0557818387945493,0.032135705567068525,-0.054731108248233795
1712268674.9364452,-0.3762551479869419,0.13968166377809313,0.003760386672284868
1712268674.9374642,-0.6799167394638062,0.22655919194221497,0.040893521573808454
1712268674.9384835,-0.9359451797273424,0.30678076876534355,0.051753210524717964
1712268674.9395025,-1.133132643169827,0.38875391085942584,0.08152978287802802
1712268674.9405215,-1.2676262855529785,0.425887041621738,0.10044665800200568
1712268674.9415407,-1.3394263055589464,0.4728289445241292,0.11551010111967722
1712268674.9425597,-1.3471317291259766,0.5141658253139919,0.13863073454962835
1712268674.943579,-1.2966965304480658,0.5022551947169833,0.13898104429244995
1712268674.944598,-1.1947755018870037,0.4654723736974928,0.11796229415469699
1712268674.9456172,-1.0403178797827826,0.42868955267800224,0.0997460385163625
1712268674.9466362,-0.8399783240424262,0.3719389107492235,0.0979944732454088
1712268674.9476552,-0.6053147713343302,0.2717495130168067,0.07347259256574842
1712268674.9486744,-0.33702780803044635,0.17296137081252203,0.030734456247753568
1712268674.9496934,-0.04422378622823291,0.054555713302559324,-0.01375255174934864
1712268674.9507127,0.25703638792037964,-0.10446576608551873,-0.07714673048920101
1712268674.9517317,0.5467448963059319,-0.23720827367570665,-0.13563748863008288
1712268674.952751,0.8143836922115749,-0.34158100684483844,-0.17661604616377088
1712268674.95377,1.0354309611850314,-0.43684737549887764,-0.22004630830552843
1712268674.9547892,1.202880409028795,-0.5223069257206386,-0.2795878052711487
1712268674.9558082,1.3132288720872667,-0.5569810999764336,-0.3307234247525533
1712268674.9568272,1.3633235295613606,-0.5681888924704658,-0.3524385558234321
1712268674.9578464,1.3479097684224446,-0.5527781777911716,-0.3692502776781718
1712268674.9588654,1.268038484785292,-0.47782593303256565,-0.35839272869957817
1712268674.9598846,1.1272128423055012,-0.3860619995329115,-0.32722098959816825
1712268674.9609036,0.9348912371529473,-0.30025220579571194,-0.3027039104037815
1712268674.961923,0.6935258706410726,-0.19412823849254185,-0.266278518570794
1712268674.962942,0.4188808136516147,-0.06698965198463863,-0.2028843429353502
1712268674.9639611,0.11761197613345252,0.057708525823222265,-0.11497308810551961
1712268674.9649801,-0.19307750794622633,0.16105074021551344,-0.04702573849095239
1712268674.9659991,-0.49183570676379734,0.27910606728659737,0.020225079109271366
1712268674.9670184,-0.7611733675003052,0.3474170300695631,0.07767634259329902
1712268674.9680374,-0.9842788510852389,0.3782445523473951,0.11445916361278957
1712268674.9690566,-1.157649623023139,0.42098267210854423,0.1540444791316986
1712268674.9700756,-1.2707784440782335,0.4504089223013984,0.18907575143708122
1712268674.9710948,-1.3289190663231742,0.4465555151303609,0.20098638203408983
1712268674.9721138,-1.3282185130649142,0.4272883137067159,0.17261106106970045
1712268674.9731328,-1.2644741270277235,0.4146770636240641,0.14703823460472953
1712268674.974152,-1.149243778652615,0.3712382912635803,0.11971385114722781
1712268674.975171,-0.988832049899631,0.3207932909329732,0.07837697035736507
1712268674.9761903,-0.7793860965304904,0.2906663881407844,0.04754946049716737
1712268674.9772093,-0.5303625596894158,0.21780138214429218,0.005511949873632855
1712268674.9782286,-0.24841608272658453,0.11270759834183587,-0.056132082309987806
1712268674.9792476,0.05700790219836765,0.00831445058186849,-0.1142726010746426
1712268674.9802668,0.3684357802073161,-0.08029892212814754,-0.14579456713464525
1712268674.9812858,0.6626983483632406,-0.19377799497710332,-0.17241310742166308
1712268674.9823048,0.9226302968131171,-0.29499851995044285,-0.21234093440903556
1712268674.983324,1.1370216475592718,-0.3720522258016798,-0.23860924773746067
1712268674.984343,1.2918598122066922,-0.4659176535076565,-0.2704814573129018
1712268674.9853623,1.3797881868150499,-0.5289615856276618,-0.2971000141567654
1712268674.9863813,1.395201947953966,-0.540169378121694,-0.2963995271258884
1712268674.9874005,1.3468588723076713,-0.5254591173595852,-0.2837907274564107
1712268674.9884195,1.2281028429667156,-0.5012922816806369,-0.2820395098792182
1712268674.9894388,1.0546981626086764,-0.4392990801069471,-0.2879936496416728
1712268674.9904578,0.8290968338648478,-0.33632732099956936,-0.2645273009936015
1712268674.9914768,0.5618083477020264,-0.2403604653146532,-0.23370582196447584
1712268674.992496,0.26053951846228707,-0.09570966164271036,-0.19377799497710332
1712268674.993515,-0.05368037356270684,0.06961915228101942,-0.13073407113552094
1712268674.9945343,-0.36294589440027875,0.193980120950275,-0.07924819158183204
1712268674.9955533,-0.6462933619817098,0.30082547002368504,-0.035817929440074496
1712268674.9965725,-0.8883119954003228,0.40451798174116343,0.016721952706575394
1712268674.9975915,-1.0774437586466472,0.48614081409242416,0.09379072321785821
1712268674.9986105,-1.21579024526808,0.5204714669121636,0.14703823460472953
1712268674.9996297,-1.2893414497375488,0.5435920755068461,0.186273240380817
1712268675.0006487,-1.304752164416843,0.5358851949373881,0.20799262656105888
1712268675.001668,-1.2690272596147325,0.47212832503848606,0.20413918627632988
1712268675.002687,-1.1846184730529785,0.4125751720534431,0.1897763709227244
1712268675.0037062,-1.052226225535075,0.3547736008961995,0.1761141750547621
1712268675.0047252,-0.8799061510297987,0.2756029533015357,0.14213386509153578
1712268675.0057445,-0.668358736568027,0.1701588597562578,0.07277196480168237
1712268675.0067635,-0.4123302963044908,0.08047884537114038,-0.006047182509468662
1712268675.0077825,-0.12828235824902853,-0.020056944340467453,-0.06909111307726966
1712268675.0088017,0.1701588597562578,-0.12968334058920541,-0.14194187190797594
1712268675.0098207,0.46442144446902806,-0.19833117723464966,-0.19763069020377264
1712268675.01084,0.7432702514860365,-0.2701312137974633,-0.2424619264072842
1712268675.011859,0.9891896777682834,-0.34823563363817,-0.29464827643500435
1712268675.0128782,1.1829125881195068,-0.4123302963044908,-0.3335253728760613
1712268675.0138972,1.318833827972412,-0.4364971319834391,-0.346134172545539
1712268675.0149162,1.3853932751549614,-0.4526083668073018,-0.32582001553641426
1712268675.0159354,1.3860938284132216,-0.45611080196168685,-0.3160131639904446
1712268675.0169544,1.3209357526567247,-0.4182844360669454,-0.29079559776518077
1712268675.0179737,1.1937722894880507,-0.39271662632624305,-0.26242583990097046
1712268675.0189927,1.0035525427924261,-0.36399662494659424,-0.23755851719114515
1712268675.020012,0.7593846321105957,-0.2823897533946567,-0.19482874208026463
1712268675.021031,0.47212832503848606,-0.17941799428727892,-0.14019065433078343
1712268675.0220501,0.15229293041759068,-0.076446243458324,-0.09570966164271036
1712268675.0230691,-0.17661604616377088,0.02828226735194524,-0.07469501760270861
1712268675.0240881,-0.48763278457853526,0.157547609673606,-0.04177207748095194
1712268675.0251074,-0.7685285144382052,0.25808733370569015,-0.0021944978895286718
1712268675.0261264,-1.0059940152698092,0.3561748398674859,0.032836331261528864
1712268675.0271456,-1.1790145768059623,0.4612686236699422,0.07942790786425273
1712268675.0281646,-1.2889912393358018,0.5204714669121636,0.1158604191409217
1712268675.0291839,-1.3366243574354384,0.5337833364804586,0.13057354423734877
1712268675.0302029,-1.321563853157891,0.5351845754517449,0.13652885953585306
1712268675.031222,-1.2508145968119304,0.5278280046251085,0.161401049958335
1712268675.032241,-1.136284801695082,0.47633207506603664,0.17296137081252203
1712268675.03326,-0.9748222430547078,0.4097726609971788,0.153694169388877
1712268675.0342793,-0.7681782378090752,0.3323535786734687,0.1277710414595074
1712268675.0352983,-0.5226571692360772,0.20413918627632988,0.07837697035736507
1712268675.0363176,-0.2519185178809696,0.06856821477413177,0.015671015199687745
1712268675.0373366,0.037390395171112485,-0.0484267125527064,-0.03441695123910904
1712268675.0383558,0.329551100730896,-0.165408237112893,-0.08625307016902499
1712268675.0393748,0.6045464674631754,-0.2939477894041273,-0.15595164563920763
1712268675.0403938,0.8581727743148804,-0.39096540874905056,-0.23615752657254535
1712268675.041413,1.0697615808910794,-0.45681128899256385,-0.28694291909535724
1712268675.042432,1.2309053209092882,-0.5188044905662537,-0.33247464232974583
1712268675.0434513,1.330043872197469,-0.5240581432978312,-0.3573419650395711
1712268675.0444703,1.3657757971021864,-0.4886835151248508,-0.3541897734006246
1712268675.0454895,1.3370500670539007,-0.4659176535076565,-0.35454001691606307
1712268675.0465086,1.2473701106177435,-0.4203858971595764,-0.3478853901227315
1712268675.0475278,1.0981369018554688,-0.34158100684483844,-0.31741417116589016
1712268675.0485468,0.8974077966478136,-0.24001022179921466,-0.2529692484272851
1712268675.0495658,0.6416796313391792,-0.1531496975156996,-0.19307750794622633
1712268675.050585,0.3516207800971137,-0.03861988170279397,-0.13493700159920585
1712268675.051604,0.03914195630285475,0.06996946202384101,-0.07154282596376207
1712268675.0526233,-0.2746843794981639,0.14073260956340367,-0.02320914218823115
1712268675.0536423,-0.5755440394083658,0.22866106695599026,0.026530704150597252
1712268675.0546615,-0.8417295085059272,0.31518826882044476,0.08538322316275702
1712268675.0556805,-1.063083741399977,0.3743911120626661,0.12812135948075187
1712268675.0566995,-1.2266476949055989,0.40241612328423393,0.1375797970427407
1712268675.0577188,-1.31981266869439,0.4388486345609029,0.13687916927867466
1712268675.0587378,-1.3488829135894775,0.4497083028157552,0.14493635959095424
1712268675.059757,-1.3243658012813992,0.4356958137618171,0.13302572899394566
1712268675.060776,-1.2431091732449002,0.44445362355973983,0.12566916644573212
1712268675.0617952,-1.1072144905726116,0.4241354929076301,0.11621072888374329
1712268675.0628142,-0.9261383612950642,0.36213017172283596,0.07557446757952373
1712268675.0638335,-0.6995304425557455,0.28506139914194745,0.02793195553951793
1712268675.0648525,-0.42949226167466903,0.2114957571029663,-0.008849135289589563
1712268675.0658715,-0.1377389497227139,0.10920447607835133,-0.03021402284502983
1712268675.0668907,0.16315261522928873,-0.013402308233910136,-0.07994867861270905
1712268675.0679097,0.46442144446902806,-0.11847553153832753,-0.12127747966183557
1712268675.068929,0.745372109942966,-0.2512180308500926,-0.16891067226727804
1712268675.069948,0.9909412595960829,-0.38641224304835,-0.22039655182096693
1712268675.0709672,1.1843138270907931,-0.46977033217748004,-0.2522687613964081
1712268675.0719862,1.3114772902594671,-0.5226571692360772,-0.2708317008283403
1712268675.0730054,1.3706800672743056,-0.5632854832543267,-0.2921965718269348
1712268675.0740244,1.3654254542456732,-0.5744932757483588,-0.32722098959816825
1712268675.0750434,1.3002672460344102,-0.5328142642974854,-0.3345761034223768
1712268675.0760627,1.1755560504065619,-0.4827293422487047,-0.3251195285055372
1712268675.0770817,0.9916418790817261,-0.39096540874905056,-0.30935853719711304
1712268675.078101,0.7576330502827961,-0.25051754381921554,-0.265578031539917
1712268675.07912,0.48649112383524573,-0.12127747966183557,-0.2172443601820204
1712268675.0801392,0.18522231115235221,-0.0011437657910088699,-0.17416434155570135
1712268675.0811582,-0.12092723614639705,0.12812135948075187,-0.12267845372358957
1712268675.0821772,-0.4203858971595764,0.2619407574335734,-0.042822808027267456
1712268675.0831964,-0.6981294684939914,0.3551239106390211,0.036339457664224833
1712268675.0842154,-0.9324427445729573,0.43149206373426646,0.09379072321785821
1712268675.0852346,-1.1121178997887504,0.48929363489151,0.14703823460472953
1712268675.0862536,-1.235053671730889,0.48508988486395943,0.17681481109725103
1712268675.087273,-1.303351190355089,0.46792457501093543,0.1876744959089491
1712268675.088292,-1.314208772447374,0.4577654931280348,0.2051901320616404
1712268675.0893111,-1.2693774700164795,0.42833924293518066,0.2058907515472836
1712268675.0903301,-1.1790145768059623,0.3687860899501377,0.17471293608347574
1712268675.0913491,-1.0357647471957736,0.310283899307251,0.11410885386996798
1712268675.0923684,-0.8420797851350572,0.25003014339341056,0.06996946202384101
1712268675.0933874,-0.6084669960869683,0.15719729993078443,0.011116951290104125
1712268675.0944066,-0.34053027629852295,0.08818571766217549,-0.04702573849095239
1712268675.0954256,-0.04702573849095239,0.021276016616159014,-0.09080624414814843
1712268675.0964448,0.25808733370569015,-0.08169990446832445,-0.14824627174271476
1712268675.0974638,0.5562033255894979,-0.18782385521464878,-0.21093996034728155
1712268675.0984828,0.8336508936352199,-0.2743341359827253,-0.2554209530353546
1712268675.099502,1.0697615808910794,-0.3429819809065925,-0.266979005601671
1712268675.100521,1.2435166041056316,-0.4200356536441379,-0.2841409709718492
1712268675.1015403,1.3556166489919026,-0.4522581232918633,-0.2971000141567654
1712268675.1025593,1.4018579324086506,-0.4757244719399346,-0.2978005011876424
1712268675.1035786,1.3808392153845892,-0.5093479156494141,-0.29990196228027344
1712268675.1045976,1.2887069914076064,-0.49183570676379734,-0.2879936496416728
1712268675.1056168,1.1317669020758734,-0.4350961579216851,-0.2526190049118466
1712268675.1066358,0.9163246552149454,-0.36399662494659424,-0.2175946036974589
1712268675.1076548,0.6514883703655666,-0.2837907274564107,-0.20078288184271917
1712268675.108674,0.3572258022096422,-0.1629565159479777,-0.1776667767100864
1712268675.109693,0.042294772962729134,-0.038269638187355466,-0.13493700159920585
1712268675.1107123,-0.27783658769395614,0.08363165789180331,-0.09535941812727186
1712268675.1117313,-0.5818484226862589,0.23531700174013773,-0.03967061224910948
1712268675.1127505,-0.8413792981041802,0.3607288996378581,0.01812320202589035
1712268675.1137695,-1.0497744878133137,0.4384983248180813,0.05525633692741394
1712268675.1147888,-1.1982780032687717,0.49454831414752537,0.08573353290557861
1712268675.1158078,-1.2851385275522869,0.5463945865631104,0.12917229698763952
1712268675.1168268,-1.314208772447374,0.5544517768753899,0.17856637636820474
1712268675.117846,-1.2893414497375488,0.5306305156813728,0.1918782459364997
1712268675.118865,-1.2119375334845648,0.5068092544873556,0.19643230570687187
1712268675.1198843,-1.0833979315227933,0.4307914442486233,0.18031792508231267
1712268675.1209033,-0.916331476635403,0.3249970409605238,0.14038229982058206
1712268675.1219225,-0.7103880246480306,0.23496669199731615,0.10289885103702545
1712268675.1229415,-0.465567409992218,0.13302572899394566,0.0629632133576605
1712268675.1239605,-0.19763069020377264,0.009365388088756137,0.001658511141108142
1712268675.1249797,0.08923665516906314,-0.11462284459008111,-0.08625307016902499
1712268675.1259987,0.38595143291685313,-0.21093996034728155,-0.15840335024727714
1712268675.127018,0.6676027509901259,-0.3216170933511522,-0.2193458212746514
1712268675.128037,0.9191271993849013,-0.39656930499606663,-0.2795878052711487
1712268675.1290562,1.1212575435638428,-0.4210863841904534,-0.30970878071255153
1712268675.1300752,1.2711913055843778,-0.4526083668073018,-0.33562683396869236
1712268675.1310945,1.3591198126475017,-0.4760747154553731,-0.3615449203385247
1712268675.1321135,1.3829410076141357,-0.46451667944590247,-0.3696005211936103
1712268675.1331325,1.3402028878529866,-0.4210863841904534,-0.3391293022367689
1712268675.1341517,1.229854424794515,-0.38045810328589547,-0.2963995271258884
1712268675.1351707,1.0592522223790486,-0.3146121899286906,-0.2571721706125471
1712268675.13619,0.8368037144343058,-0.22389898697535196,-0.2060365511311425
1712268675.137209,0.5730183256997002,-0.15945408079359266,-0.16155554188622367
1712268675.1382282,0.2682463990317451,-0.07609599166446261,-0.11777503622902764
1712268675.1392472,-0.05333013004726834,0.03563883403937022,-0.055431595279110804
1712268675.1402662,-0.3755546609560648,0.14143322904904684,0.003760386672284868
1712268675.1412854,-0.6792162524329292,0.22480762667126125,0.038791646560033165
1712268675.1423044,-0.9334934420055813,0.3099335895644294,0.05210352440675099
1712268675.1433237,-1.1299803521898057,0.3870023621453179,0.0839819676346249
1712268675.1443427,-1.2644741270277235,0.4307914442486233,0.10289885103702545
1712268675.145362,-1.3376751210954454,0.4847395751211378,0.12216604418224758
1712268675.146381,-1.3450302018059623,0.5222230156262716,0.14598730537626478
1712268675.1474001,-1.2938945823245578,0.5099620752864413,0.14283448457717896
1712268675.1484191,-1.1916233433617485,0.47633207506603664,0.12461822893884447
1712268675.1494381,-1.0378662082884047,0.4328933027055528,0.10815353857146369
1712268675.1504574,-0.8396280474132961,0.37474142180548775,0.10605166355768839
1712268675.1514764,-0.6056650479634603,0.2717495130168067,0.07487383981545766
1712268675.1524956,-0.33702780803044635,0.1775154305828942,0.03248601944910155
1712268675.1535146,-0.04387354271279441,0.05420539942052629,-0.015153527880708376
1712268675.1545339,0.25913826293415493,-0.10481600960095723,-0.08099940915902455
1712268675.1555529,0.5491970976193746,-0.23195460438728333,-0.14054089784622192
1712268675.156572,0.8140334155824449,-0.33982978926764595,-0.18186969889534843
1712268675.157591,1.033329102728102,-0.43789810604519314,-0.22600044806798297
1712268675.15861,1.1979760064019096,-0.5191547340816921,-0.28519170151816475
1712268675.1596293,1.3132288720872667,-0.550326473183102,-0.33177415529886883
1712268675.1606483,1.3626229763031006,-0.5622347858217027,-0.34893612066904706
1712268675.1616676,1.3461581865946453,-0.549625986152225,-0.35944345924589366
1712268675.1626866,1.265236006842719,-0.4722220367855496,-0.3450834419992235
1712268675.1637058,1.1279135280185275,-0.38185907734764946,-0.3146121899286906
1712268675.1647248,0.9348912371529473,-0.30060244931115043,-0.2900951107343038
1712268675.1657438,0.6959780719545152,-0.19763069020377264,-0.2561214400662316
1712268675.166763,0.4223839441935221,-0.06453794323735766,-0.19272726443078783
1712268675.167782,0.12181572616100311,0.054555713302559324,-0.10971942709551917
1712268675.1688013,-0.1920267773999108,0.1621016694439782,-0.0484267125527064
1712268675.1698203,-0.49288643731011283,0.27665389908684623,0.017072265553805564
1712268675.1708395,-0.7601226700676812,0.3453151716126336,0.06961915228101942
1712268675.1718585,-0.987080799208747,0.381397373146481,0.10535103579362233
1712268675.1728778,-1.1622028880649142,0.42763862344953746,0.14563697907659742
1712268675.1738968,-1.2753317091200087,0.45286112361484104,0.1820694903532664
1712268675.1749158,-1.3348731729719374,0.44410331381691825,0.19082731670803493
1712268675.175935,-1.3320712248484294,0.4223839441935221,0.1642035444577535
1712268675.176954,-1.2693774700164795,0.4097726609971788,0.14458604984813267
1712268675.1779733,-1.153446700837877,0.3575761119524638,0.11901323166158465
1712268675.1789923,-0.991984208424886,0.31238579087787205,0.07837697035736507
1712268675.1800115,-0.7835890187157525,0.2819085783428616,0.04895071188608805
1712268675.1810305,-0.5314132902357314,0.20869324604670206,0.003760386672284868
1712268675.1820498,-0.24631460507710773,0.10745291080739763,-0.05753306051095326
1712268675.1830688,0.05840914944807688,0.006913200227750672,-0.11497308810551961
1712268675.1840878,0.3694867425494724,-0.085552583138148,-0.14649505416552225
1712268675.185107,0.6588449080785116,-0.19973215129640368,-0.17906775077184042
1712268675.186126,0.9194774760140313,-0.2967497706413269,-0.22074679533640543
1712268675.1871452,1.1317669020758734,-0.37380344337887234,-0.24946681327290005
1712268675.1881642,1.28800630569458,-0.46836935811572605,-0.2806385358174642
1712268675.1891835,1.376635366015964,-0.5307128032048544,-0.302353666888343
1712268675.1902025,1.395201947953966,-0.5436718132760789,-0.2978005011876424
1712268675.1912215,1.3433557086520724,-0.5345654818746779,-0.2879936496416728
1712268675.1922407,1.225650707880656,-0.5100484026802911,-0.2886941366725498
1712268675.1932597,1.0546981626086764,-0.4442025224367777,-0.2939477894041273
1712268675.194279,0.8325999975204468,-0.344733198483785,-0.26487754450904
1712268675.195298,0.5649611685011122,-0.2403604653146532,-0.23230484790272182
1712268675.1963172,0.266144507461124,-0.09080624414814843,-0.18747361169921026
1712268675.1973362,-0.0484267125527064,0.06856821477413177,-0.1254804101255205
1712268675.1983554,-0.3573419650395711,0.19713294174936083,-0.07294380002551608
1712268675.1993744,-0.6431411372290717,0.30432860056559247,-0.02496036183502939
1712268675.2003934,-0.8834085861841837,0.41222486231062144,0.030033830553293228
1712268675.2014127,-1.0753422975540161,0.49279676543341744,0.10745291080739763
1712268675.2024317,-1.2108867698245578,0.5232739448547363,0.15509542491700914
1712268675.203451,-1.2872399224175346,0.5498977171050178,0.19047699040836757
1712268675.20447,-1.304401954015096,0.5344839559661018,0.21184606684578788
1712268675.2054892,-1.2686770492129855,0.47072705295350814,0.20448949601915148
1712268675.2065082,-1.1863696575164795,0.4150273733668857,0.190126680665546
1712268675.2075272,-1.053627199596829,0.35862704118092853,0.17436260978380838
1712268675.2085464,-0.8788553873697916,0.2780551380581326,0.1375797970427407
1712268675.2095654,-0.665906998846266,0.1761141750547621,0.06471477862861422
1712268675.2105846,-0.4109293222427368,0.08958697319030762,-0.010950599486629168
1712268675.2116036,-0.12828235824902853,-0.014803284365269873,-0.07084233065446217
1712268675.212623,0.16875762078497145,-0.12477992309464349,-0.1391399237844679
1712268675.213642,0.46372082498338485,-0.1899253163072798,-0.1895750727918413
1712268675.2146611,0.7422193553712633,-0.26207559638553196,-0.2309038738409678
1712268675.2156801,0.9870878193113539,-0.35173806879255504,-0.2837907274564107
1712268675.2166991,1.1846641699473064,-0.4130307833353678,-0.32546977202097577
1712268675.2177184,1.3230375448862712,-0.4357966449525621,-0.33247464232974583
1712268675.2187374,1.3909982310401068,-0.45611080196168685,-0.3153126769595676
1712268675.2197566,1.3899473349253337,-0.4596132371160719,-0.30970878071255153
1712268675.2207756,1.3230375448862712,-0.42458885245853,-0.2883438931571113
1712268675.2217948,1.1937722894880507,-0.39972149663501316,-0.2666287620862325
1712268675.2228138,1.0046034389071994,-0.36399662494659424,-0.24491363101535374
1712268675.223833,0.7576330502827961,-0.2792375617557102,-0.19973215129640368
1712268675.224852,0.470026433467865,-0.17206286390622458,-0.14474383658832973
1712268675.225871,0.14914010961850485,-0.07294380002551608,-0.10131356616814931
1712268675.2268903,-0.18116921186447144,0.03318664514356189,-0.08029892212814754
1712268675.2279093,-0.49253619379467434,0.16070043047269186,-0.04177207748095194
1712268675.2289286,-0.7727314366234673,0.25668607817755806,-0.0014940098238488038
1712268675.2299476,-1.0052935282389324,0.35862704118092853,0.03668977154625787
1712268675.2309668,-1.1790145768059623,0.4616189334127638,0.08853603568341997
1712268675.2319858,-1.2858389483557806,0.5099620752864413,0.12356729143195681
1712268675.2330048,-1.3334721989101834,0.5250255266825358,0.13582823177178702
1712268675.234024,-1.3219141960144043,0.5253758364253573,0.14108291930622524
1712268675.235043,-1.2511648072136772,0.5218727058834499,0.1642035444577535
1712268675.2360623,-1.1355842484368217,0.470026433467865,0.17191042502721152
1712268675.2370813,-0.9737715456220839,0.4094223512543572,0.14914010961850485
1712268675.2381005,-0.7685285144382052,0.33410516050126815,0.12041447891129388
1712268675.2391195,-0.5261596043904623,0.201687001519733,0.06856821477413177
1712268675.2401388,-0.2547204660044776,0.07137071755197313,0.007613825404809581
1712268675.2411578,0.03143508194221391,-0.04492427325910992,-0.04002085576454798
1712268675.2421768,0.32289514938990277,-0.16821018523640102,-0.09185697469446394
1712268675.243196,0.5999924076928033,-0.2978005011876424,-0.16365701953570047
1712268675.244215,0.8546696768866645,-0.39236638281080455,-0.24071070883009169
1712268675.2452343,1.0704622003767226,-0.4627654287550184,-0.2886941366725498
1712268675.2462533,1.2302047676510282,-0.5237078997823927,-0.3328248858451843
1712268675.2472725,1.3289928436279297,-0.5230074127515157,-0.35454001691606307
1712268675.2482915,1.364724768532647,-0.4953381419181824,-0.3534892863697476
1712268675.2493105,1.3381010956234403,-0.46801911460028756,-0.3552405039469401
1712268675.2503297,1.2480706638760037,-0.425289339489407,-0.34543368551466197
1712268675.2513487,1.1005891031689115,-0.342631737391154,-0.31391170289781356
1712268675.252368,0.8977581395043267,-0.24421314398447672,-0.24631460507710773
1712268675.253387,0.6402783923678927,-0.1552511586083306,-0.18852434224552578
1712268675.2544062,0.3530220521820916,-0.03686865998639001,-0.1275818712181515
1712268675.2554252,0.04124383545584149,0.0671669633852111,-0.06733989550007714
1712268675.2564445,-0.27188243137465584,0.13722947902149624,-0.021107676956388686
1712268675.2574635,-0.5751937627792358,0.22831075721316868,0.02968351874086592
1712268675.2584825,-0.8413792981041802,0.3137870298491584,0.08678447041246626
1712268675.2595017,-1.059231095843845,0.3726395302348667,0.1263697942097982
1712268675.2605207,-1.223845746782091,0.40066454145643443,0.13267541925112405
1712268675.26154,-1.31981266869439,0.4395492540465461,0.13267541925112405
1712268675.262559,-1.3502838876512315,0.4465555151303609,0.14143322904904684
1712268675.2635782,-1.320162879096137,0.4370970527331034,0.12882197896639505
1712268675.2645972,-1.240307225121392,0.4525108138720194,0.1277710414595074
1712268675.2656164,-1.1054633061091106,0.42658769422107273,0.11621072888374329
1712268675.2666354,-0.9219354391098022,0.36213017172283596,0.07907758984300825
1712268675.2676544,-0.6974289814631144,0.2857620186275906,0.03318664514356189
1712268675.2686737,-0.4298425051901075,0.20939388208919102,0.0013081985525786877
1712268675.2696927,-0.14019065433078343,0.10149759550889333,-0.021808166056871414
1712268675.270712,0.1638532347149319,-0.020407189925511677,-0.07189306947920057
1712268675.271731,0.46652330292595756,-0.12477992309464349,-0.11532333162095812
1712268675.2727501,0.7513274749120076,-0.2568219270971086,-0.1657584806283315
1712268675.2737691,0.9923424985673692,-0.3881634606255425,-0.22179752588272095
1712268675.2747881,1.1836131413777669,-0.466267897023095,-0.2557711965507931
1712268675.2758074,1.3093753655751545,-0.5170532729890611,-0.2753848665290409
1712268675.2768264,1.3699795140160453,-0.5594328376981947,-0.29990196228027344
1712268675.2778456,1.3654254542456732,-0.5653869443469577,-0.33492634693781537
1712268675.2788646,1.3013182746039496,-0.5230074127515157,-0.3391293022367689
1712268675.2798839,1.1745050218370225,-0.4767752024862501,-0.32827172014448375
1712268675.2809029,0.9902406401104397,-0.3839605384402805,-0.305856102042728
1712268675.281922,0.756582154168023,-0.24631460507710773,-0.2564716835816701
1712268675.282941,0.48508988486395943,-0.12337894075446658,-0.20743752519289652
1712268675.28396,0.186273240380817,-0.0049964504109488595,-0.16400726305113897
1712268675.2849793,-0.12057699263095856,0.12251635392506917,-0.11006967061095767
1712268675.2859983,-0.4168834620051914,0.2577370074060228,-0.02846280319823159
1712268675.2870176,-0.6949772437413534,0.34461451901329887,0.04649852299027973
1712268675.2880366,-0.9292905198203193,0.425887041621738,0.09869510100947486
1712268675.2890558,-1.1121178997887504,0.4847395751211378,0.14914010961850485
1712268675.2900748,-1.2364546457926433,0.4808861348364088,0.1736619902981652
1712268675.2910938,-1.301600005891588,0.4735295640097724,0.18347074588139853
1712268675.292113,-1.31210724512736,0.4658226834403144,0.20098638203408983
1712268675.293132,-1.2693774700164795,0.4332436124483744,0.1999354362487793
1712268675.2941513,-1.1786643664042156,0.3722892204920451,0.16525449024306402
1712268675.2951703,-1.0364652342266507,0.31448764933480156,0.10885416633552975
1712268675.2961895,-0.8434807591968112,0.25073076287905377,0.06436446474658118
1712268675.2972085,-0.6109186675813463,0.157547609673606,0.006913200227750672
1712268675.2982278,-0.3429819809065925,0.0902875926759508,-0.04492427325910992
1712268675.2992468,-0.047375982006390885,0.01882382772035069,-0.0887047830555174
1712268675.3002658,0.25913826293415493,-0.08590282665358649,-0.1489467587735918
1712268675.301285,0.56040710873074,-0.19342775146166483,-0.21058971683184305
1712268675.302304,0.8378546767764621,-0.2701312137974633,-0.2519185178809696
1712268675.3033233,1.0711628198623657,-0.34193125036027694,-0.26137510935465497
1712268675.3043423,1.2442172898186576,-0.41548248794343734,-0.2816892663637797
1712268675.3053615,1.3556166489919026,-0.4484054446220398,-0.2928970588578118
1712268675.3063805,1.4018579324086506,-0.4743234978781806,-0.2960492836104499
1712268675.3073997,1.3808392153845892,-0.5086474286185371,-0.3027039104037815
1712268675.3084188,1.28730575243632,-0.48658205403221977,-0.2886941366725498
1712268675.3094378,1.13316814104716,-0.43159372276730007,-0.25401997897360057
1712268675.310457,0.9170252747005886,-0.3618951638539632,-0.22389898697535196
1712268675.311476,0.652889609336853,-0.2802882923020257,-0.21058971683184305
1712268675.3124952,0.3572258022096422,-0.15560140212376913,-0.18537215060657924
1712268675.3135142,0.040543207691775426,-0.03932036873367097,-0.14264237549569872
1712268675.3145335,-0.27713608410623336,0.08538322316275702,-0.10446576608551873
1712268675.3155525,-0.5786961979336208,0.24267357256677416,-0.04387354271279441
1712268675.3165715,-0.8403285344441731,0.36318110095130074,0.016371639859345224
1712268675.3175907,-1.0501247644424438,0.44130080276065403,0.05595696055226856
1712268675.3186097,-1.2000291877322726,0.5005036460028754,0.09133853018283844
1712268675.319629,-1.2854887379540336,0.5505983365906609,0.14038229982058206
1712268675.320648,-1.3138585620456271,0.5569039450751411,0.190126680665546
1712268675.3216672,-1.2886408964792888,0.5292292767100863,0.2037888765335083
1712268675.3226862,-1.2105365594228108,0.5012042654885186,0.2072920070754157
1712268675.3237054,-1.0869003666771782,0.42098267210854423,0.18837511539459229
1712268675.3247244,-0.916331476635403,0.3172901603910658,0.14423574010531107
1712268675.3257434,-0.7093372609880235,0.23041263222694397,0.10465041630797915
1712268675.3267627,-0.465567409992218,0.13092385398017034,0.05981040083699756
1712268675.3277817,-0.19587947262658012,0.009015075241525968,-0.006397426542308595
1712268675.328801,0.09063791069719526,-0.10936918358008066,-0.09676039218902588
1712268675.32982,0.38595143291685313,-0.21023947331640455,-0.1657584806283315
1712268675.3308392,0.6669021315044826,-0.31741417116589016,-0.2305536303255293
1712268675.3318582,0.9149234162436591,-0.388513704140981,-0.28484145800272626
1712268675.3328774,1.117754379908244,-0.4203858971595764,-0.31251072883605957
1712268675.3338964,1.2690895133548312,-0.45541031493080986,-0.33632732099956936
1712268675.3349154,1.3549160957336426,-0.48027763764063514,-0.3569917215241326
1712268675.3359346,1.3811894257863362,-0.4718717932701111,-0.3601439462767707
1712268675.3369536,1.3388016488817003,-0.42844153112835354,-0.3237185544437832
1712268675.3379729,1.2305551105075412,-0.39236638281080455,-0.2844912144872877
1712268675.3389919,1.0617044236924913,-0.3219673368665907,-0.24771559569570753
1712268675.3400111,0.8385552962621052,-0.23475655251079136,-0.19973215129640368
1712268675.3410301,0.5698655049006144,-0.17136237687534756,-0.15945408079359266
1712268675.3420491,0.266144507461124,-0.08134965267446306,-0.11602381865183511
1712268675.3430684,-0.05893403457270728,0.033536956955989204,-0.055431595279110804
1712268675.3440874,-0.37835660907957286,0.1379301067855623,-0.0021944978895286718
1712268675.3451066,-0.6858709123399522,0.22480762667126125,0.02793195553951793
1712268675.3461256,-0.9390974044799805,0.3130864103635152,0.04474695771932602
1712268675.3471448,-1.136284801695082,0.3891042206022474,0.07767634259329902
1712268675.3481638,-1.2704282336764865,0.42868955267800224,0.09939572049511804
1712268675.349183,-1.3401268588172064,0.48333833614985144,0.12251635392506917
1712268675.350202,-1.3478321499294705,0.5176689558558993,0.14808918039004007
1712268675.351221,-1.29879805776808,0.4994526836607191,0.14528666933377585
1712268675.3522403,-1.1947755018870037,0.4658226834403144,0.12672010395261976
1712268675.3532593,-1.0382164186901517,0.4293901721636454,0.11340822610590193
1712268675.3542786,-0.8364758888880411,0.3666842314932081,0.11340822610590193
1712268675.3552976,-0.6021626128090752,0.2682463990317451,0.0801285273498959
1712268675.3563168,-0.33247464232974583,0.17085949579874674,0.03704008128907945
1712268675.3573358,-0.03932036873367097,0.0461482091082467,-0.014102796299590005
1712268675.3583548,0.25913826293415493,-0.11077015764183468,-0.08134965267446306
1712268675.359374,0.5463945865631104,-0.23475655251079136,-0.13808919323815239
1712268675.360393,0.8122818337546455,-0.33947954575220746,-0.17941799428727892
1712268675.3614123,1.0315775209003024,-0.4340454273753696,-0.22565020455254448
1712268675.3624313,1.2000779310862224,-0.5195049775971307,-0.2900951107343038
1712268675.3634505,1.3118276331159804,-0.5492757426367866,-0.33527659045325386
1712268675.3644695,1.3619222905900743,-0.5660874313778347,-0.35454001691606307
1712268675.3654888,1.3475594255659316,-0.548925499121348,-0.36714881658554077
1712268675.3665078,1.268038484785292,-0.46871960163116455,-0.35033709473080105
1712268675.3675268,1.1307160059611003,-0.38641224304835,-0.3205663628048367
1712268675.368546,0.9394452969233195,-0.30340439743465847,-0.2978005011876424
1712268675.369565,0.6991308927536011,-0.19728044668833414,-0.2592736482620239
1712268675.3705842,0.4241354929076301,-0.06313696503639221,-0.1923770209153493
1712268675.3716033,0.12041447891129388,0.053154461913638644,-0.10656722717814975
1712268675.3726225,-0.1899253163072798,0.16245199574364555,-0.04457402974367142
1712268675.3736415,-0.4883332716094123,0.2808576491143968,0.02372820344236162
1712268675.3746607,-0.7594221830368042,0.3397101495001051,0.07557446757952373
1712268675.3756797,-0.986730588807,0.37614266077677405,0.10990510384241739
1712268675.3766987,-1.1615023348066542,0.42483611239327324,0.15124198463228014
1712268675.377718,-1.2753317091200087,0.4514598846435547,0.18557262089517382
1712268675.378737,-1.3331219885084364,0.44410331381691825,0.1897763709227244
1712268675.3797562,-1.3324214352501762,0.4272883137067159,0.16070043047269186
1712268675.3807752,-1.2679764959547255,0.41292548179626465,0.13968166377809313
1712268675.3817945,-1.154147254096137,0.36703454123602974,0.11130635109212664
1712268675.3828135,-0.9916339980231391,0.32709889941745335,0.0759247773223453
1712268675.3838325,-0.7804367939631144,0.2955707576539781,0.0500016493929757
1712268675.3848517,-0.5279108550813463,0.21885231137275696,0.005511949873632855
1712268675.3858707,-0.24421314398447672,0.11445916361278957,-0.05368037356270684
1712268675.38689,0.06156196196873982,0.015320702352457576,-0.10831845303376515
1712268675.387909,0.3719389107492235,-0.07854770455095503,-0.13213504519727495
1712268675.3889282,0.6648002730475532,-0.19903166426552665,-0.1643575065665775
1712268675.3899472,0.9254327747556899,-0.2956990400950114,-0.2018336123890347
1712268675.3909664,1.1387732293870714,-0.3797576162550184,-0.23405606547991434
1712268675.3919854,1.2939616044362385,-0.47782593303256565,-0.2708317008283403
1712268675.3930044,1.3808392153845892,-0.5335147513283623,-0.29534879657957286
1712268675.3940237,1.3966031869252522,-0.5433215697606405,-0.29429803291956586
1712268675.3950427,1.3465085294511583,-0.5303625596894158,-0.28729316261079574
1712268675.396062,1.2277526325649686,-0.5037439862887064,-0.2918463283114963
1712268675.397081,1.0557490587234497,-0.4305429922209846,-0.2963995271258884
1712268675.3981001,0.8318993780348036,-0.33562683396869236,-0.2666287620862325
1712268675.3991191,0.5614580048455132,-0.23685801360342237,-0.24001022179921466
1712268675.4001381,0.26053951846228707,-0.08240039149920146,-0.1916765338844723
1712268675.4011574,-0.05262964301639133,0.07627509534358978,-0.125830653640959
1712268675.4021764,-0.3597937027613322,0.1960819959640503,-0.07294380002551608
1712268675.4031956,-0.6427908605999416,0.30432860056559247,-0.026011094450950623
1712268675.4042146,-0.8844592836168077,0.40907204151153564,0.032135705567068525
1712268675.4052339,-1.0763930612140231,0.48333833614985144,0.10955478582117292
1712268675.4062529,-1.214739481608073,0.5131148960855272,0.15719729993078443
1712268675.407272,-1.2893414497375488,0.5393883254792955,0.193980120950275
1712268675.408291,-1.307904322942098,0.5246752169397142,0.2121963765886095
1712268675.40931,-1.2721794181399875,0.4616189334127638,0.2013366917769114
1712268675.4103293,-1.1884711848364935,0.41397644413842094,0.186273240380817
1712268675.4113483,-1.056429147720337,0.3579264216952854,0.17050918605592516
1712268675.4123676,-0.8848095602459377,0.2731507685449388,0.13337604701519012
1712268675.4133866,-0.6725616587532891,0.16945824027061462,0.06016071471903059
1712268675.4144058,-0.4179341925515069,0.08468259539869097,-0.0120013321025504
1712268675.4154248,-0.13318577574359045,-0.021808166056871414,-0.076446243458324
1712268675.416444,0.1642035444577535,-0.12267845372358957,-0.14439359307289124
1712268675.417463,0.45986738469865585,-0.1920267773999108,-0.19412823849254185
1712268675.418482,0.7408180501725938,-0.2690804832511478,-0.23790876070658365
1712268675.4195013,0.9884890582826402,-0.3541897734006246,-0.2879936496416728
1712268675.4205203,1.1850143803490532,-0.41583273145887584,-0.32722098959816825
1712268675.4215395,1.3244387838575575,-0.43824834956063163,-0.33212439881430733
1712268675.4225585,1.3909982310401068,-0.4592629936006334,-0.3156629204750061
1712268675.4235778,1.3899473349253337,-0.4596132371160719,-0.30830780665079754
1712268675.4245968,1.3226873344845242,-0.42458885245853,-0.2844912144872877
1712268675.4256158,1.1930716037750244,-0.40567566951115924,-0.2603243788083394
1712268675.426635,1.0046034389071994,-0.36784930361641777,-0.23825900422202215
1712268675.427654,0.7558815346823798,-0.2788873182402717,-0.1920267773999108
1712268675.4286733,0.46792457501093543,-0.17661604616377088,-0.1394901672999064
1712268675.4296923,0.1477388540903727,-0.076446243458324,-0.1006130791372723
1712268675.4307115,-0.17906775077184042,0.03388726876841651,-0.08064916564358605
1712268675.4317305,-0.4890337586402893,0.16105074021551344,-0.04247256451182895
1712268675.4327497,-0.7709802521599664,0.2577370074060228,-0.005696938476628727
1712268675.4337687,-1.0059940152698092,0.3628307912084791,0.03143508194221391
1712268675.4347878,-1.1793647872077093,0.46827488475375706,0.08152978287802802
1712268675.435807,-1.2875902652740479,0.5194205045700073,0.11305791636308034
1712268675.436826,-1.3345229625701904,0.5323820975091722,0.12812135948075187
1712268675.4378452,-1.317360930972629,0.5393883254792955,0.13968166377809313
1712268675.4388642,-1.2494136227501762,0.5316814449098375,0.16910793052779302
1712268675.4398835,-1.134533617231581,0.4749308029810587,0.17506324582629734
1712268675.4409025,-0.9741217560238308,0.41222486231062144,0.15824824571609497
1712268675.4419215,-0.7688787248399522,0.32709889941745335,0.131974791487058
1712268675.4429407,-0.5261596043904623,0.193980120950275,0.0797782176070743
1712268675.4439597,-0.2550707095199161,0.0671669633852111,0.019174141602383718
1712268675.444979,0.03493820627530416,-0.049827690753671855,-0.03126475546095106
1712268675.445998,0.3274492091602749,-0.16610872414377,-0.08695356547832489
1712268675.4470172,0.6041961908340454,-0.2932473023732503,-0.16085505485534668
1712268675.4480362,0.8588733938005235,-0.3839605384402805,-0.23965997828377616
1712268675.4490554,1.0718634393480089,-0.45611080196168685,-0.2886941366725498
1712268675.4500744,1.2319563494788275,-0.5146015683809916,-0.3342258599069383
1712268675.4510934,1.329693529340956,-0.511449376742045,-0.3573419650395711
1712268675.4521127,1.3650751113891602,-0.4841303163104587,-0.3552405039469401
1712268675.4531317,1.337400409910414,-0.4624151852395799,-0.3559409909778171
1712268675.454151,1.24877134958903,-0.4182844360669454,-0.346134172545539
1712268675.45517,1.1009394460254245,-0.34158100684483844,-0.30935853719711304
1712268675.4561892,0.8977581395043267,-0.24911656975746155,-0.24106095234553018
1712268675.4572082,0.6434311469395956,-0.1622560289171007,-0.18432142006026372
1712268675.4582274,0.3540729814105564,-0.04212232099639045,-0.12232821020815107
1712268675.4592464,0.04299539658758375,0.05735821194118924,-0.0624364780055152
1712268675.4602654,-0.27363364895184833,0.12882197896639505,-0.019356457309590444
1712268675.4612846,-0.5744932757483588,0.22270575165748596,0.03143508194221391
1712268675.4623036,-0.8434807591968112,0.3127361006206936,0.08678447041246626
1712268675.4633229,-1.065185268719991,0.3705376717779371,0.12707042197386423
1712268675.4643419,-1.2283990118238661,0.4038173622555203,0.12707042197386423
1712268675.465361,-1.3222644064161513,0.44515424304538304,0.1302232344945272
1712268675.4663801,-1.3513346513112385,0.45181019438637626,0.13652885953585306
1712268675.4673991,-1.3247161441379123,0.4455045527882046,0.12882197896639505
1712268675.4684184,-1.2417081991831462,0.4532114333576626,0.12672010395261976
1712268675.4694374,-1.1082652542326186,0.42658769422107273,0.11515979137685564
1712268675.4704566,-0.9289403094185723,0.3589773509237501,0.0759247773223453
1712268675.4714756,-0.7005811399883694,0.28050733937157524,0.03178539375464121
1712268675.4724948,-0.43159372276730007,0.2072920070754157,0.002709448906696505
1712268675.4735138,-0.14089114136166042,0.09554228848881191,-0.021808166056871414
1712268675.474533,0.16245199574364555,-0.02075743344095018,-0.07119258244832356
1712268675.475552,0.4640711347262064,-0.12688138418727452,-0.1118208881881502
1712268675.476571,0.7457224527994791,-0.2694307267665863,-0.164707750082016
1712268675.4775903,0.9895400206247965,-0.3951683309343126,-0.21829509072833592
1712268675.4786093,1.1783585283491347,-0.47082106272379554,-0.24876632624202305
1712268675.4796286,1.3055219915178087,-0.5254591173595852,-0.26837997966342503
1712268675.4806476,1.3678775893317328,-0.5657372209760878,-0.2960492836104499
1712268675.4816668,1.3636738724178739,-0.5720416042539809,-0.3314239117834303
1712268675.4826858,1.299216349919637,-0.5317635337511698,-0.33702780803044635
1712268675.4837048,1.172753440009223,-0.4855313234859043,-0.3289722071753608
1712268675.484724,0.9877884387969971,-0.38991467820273507,-0.30970878071255153
1712268675.485743,0.7555311918258667,-0.25016730030377704,-0.26382681396272445
1712268675.4867623,0.48403895563549465,-0.1300335841046439,-0.2189955777592129
1712268675.4877813,0.18522231115235221,-0.010950599486629168,-0.17731653319464788
1712268675.4888005,-0.12232821020815107,0.12321698168913522,-0.12057699263095856
1712268675.4898195,-0.421786904335022,0.2517816921075185,-0.03091451194551256
1712268675.4908388,-0.7009314166174995,0.33795860078599715,0.03844133267800013
1712268675.4918578,-0.9345442056655884,0.42448580265045166,0.0979944732454088
1712268675.4928768,-1.1152701907687717,0.47843393352296615,0.15194260411792332
1712268675.493896,-1.2378556198543973,0.4728289445241292,0.17821605006853738
1712268675.494915,-1.30580292807685,0.4640711347262064,0.19257886542214286
1712268675.4959342,-1.314909193250868,0.4581158028708564,0.2072920070754157
1712268675.4969532,-1.2728799713982475,0.4272883137067159,0.2076423168182373
1712268675.4979725,-1.1814663145277235,0.36598361200756496,0.16910793052779302
1712268675.4989915,-1.0368154446283977,0.31413733959198,0.11165666083494821
1712268675.5000107,-0.8434807591968112,0.24932950735092163,0.06436446474658118
1712268675.5010297,-0.6081167194578383,0.16070043047269186,0.002709448906696505
1712268675.5020487,-0.34018003278308445,0.10289885103702545,-0.04772622552182939
1712268675.503068,-0.04632525146007538,0.02933320485883289,-0.09185697469446394
1712268675.504087,0.25808733370569015,-0.07959843509727053,-0.15244919392797682
1712268675.5051062,0.5579549074172974,-0.18782385521464878,-0.21234093440903556
1712268675.5061252,0.8354024754630195,-0.2701312137974633,-0.25016730030377704
1712268675.5071445,1.0680099990632799,-0.3443829549683465,-0.2557711965507931
1712268675.5081635,1.2449178430769179,-0.4200356536441379,-0.27643559707535637
1712268675.5091825,1.3577185736762152,-0.45155763626098633,-0.28624243206448025
1712268675.5102017,1.4053610960642497,-0.4858815670013428,-0.2900951107343038
1712268675.5112207,1.3829410076141357,-0.5177537600199381,-0.29499851995044285
1712268675.51224,1.2918598122066922,-0.49253619379467434,-0.28098877933290267
1712268675.513259,1.1387732293870714,-0.4340454273753696,-0.24806583921114603
1712268675.5142782,0.9226302968131171,-0.3657478425237867,-0.21829509072833592
1712268675.5152972,0.6570933924780952,-0.2823897533946567,-0.20848825573921204
1712268675.5163164,0.36248048146565753,-0.1534999410311381,-0.18221994241078696
1712268675.5173354,0.0440463340944714,-0.0323154880768723,-0.1391399237844679
1712268675.5183544,-0.27748632762167186,0.09729384548134273,-0.09886186156007978
1712268675.5193737,-0.5783459875318739,0.25283263789282906,-0.04002085576454798
1712268675.5203927,-0.8389275603824191,0.37088798152075875,0.01812320202589035
1712268675.521412,-1.0501247644424438,0.4455045527882046,0.057708525823222265
1712268675.522431,-1.1982780032687717,0.5022551947169833,0.0941410329606798
1712268675.5234501,-1.2823365794287787,0.5534008476469252,0.14598730537626478
1712268675.5244691,-1.3124575879838731,0.552700228161282,0.1936298112074534
1712268675.5254884,-1.2886408964792888,0.5334330267376369,0.20554044180446202
1712268675.5265074,-1.2105365594228108,0.5050577057732476,0.21009450157483417
1712268675.5275264,-1.0830476548936632,0.4195814331372579,0.18942606117990282
1712268675.5285456,-0.916331476635403,0.32254483964708114,0.14843949013286167
1712268675.5295646,-0.7075860765245225,0.23671825726826984,0.11235728859901428
1712268675.5305839,-0.4627654287550184,0.13477729426489934,0.06926884253819783
1712268675.5316029,-0.19587947262658012,0.011116951290104125,-9.303357930750483e-05
1712268675.532622,0.09133853018283844,-0.10761795772446527,-0.09045600063270992
1712268675.533641,0.38665205240249634,-0.20673703816201952,-0.16050481133990818
1712268675.53466,0.6672524081336128,-0.31881514522764415,-0.22565020455254448
1712268675.5356793,0.9156240357293023,-0.3846610254711575,-0.28098877933290267
1712268675.5366983,1.121958229276869,-0.41478200091256034,-0.31040926774342853
1712268675.5377176,1.2711913055843778,-0.4575117760234409,-0.34158100684483844
1712268675.5387366,1.3573682308197021,-0.4823790987332662,-0.3667985730701023
1712268675.5397558,1.3822404543558757,-0.47012057569291854,-0.3692502776781718
1712268675.5407748,1.3388016488817003,-0.42844153112835354,-0.3314239117834303
1712268675.541794,1.2270519468519423,-0.39236638281080455,-0.2928970588578118
1712268675.542813,1.0585516028934054,-0.3209166063202752,-0.2529692484272851
1712268675.543832,0.8350521326065063,-0.23825900422202215,-0.20463556051254272
1712268675.5448513,0.5688146087858412,-0.1787175072564019,-0.1629565159479777
1712268675.5458703,0.26088982820510864,-0.08695356547832489,-0.11532333162095812
1712268675.5468895,-0.06313696503639221,0.027581643727090623,-0.052279399500952825
1712268675.5479085,-0.3846610254711575,0.13442698452207777,0.0020088237296375963
1712268675.5489278,-0.6841196616490682,0.21710074610180324,0.030384144435326256
1712268675.5499468,-0.9366456667582194,0.310283899307251,0.046848836872312755
1712268675.5509658,-1.133482853571574,0.38244830237494576,0.07907758984300825
1712268675.551985,-1.2679764959547255,0.4279889331923591,0.09449135098192427
1712268675.553004,-1.3415278328789604,0.48894332514868843,0.11936354140440622
1712268675.5540233,-1.3457307550642226,0.5232739448547363,0.14248417483435735
1712268675.5550423,-1.2945951355828178,0.5120639668570625,0.13863073454962835
1712268675.5560615,-1.1937248706817627,0.4773830042945014,0.12041447891129388
1712268675.5570805,-1.0364652342266507,0.4398995637893677,0.11025541358523898
1712268675.5580997,-0.8371763759189181,0.37369049257702297,0.11095604134930505
1712268675.5591187,-0.6039137972725762,0.2731507685449388,0.07732603285047743
1712268675.5601377,-0.33597707748413086,0.1799676153394911,0.03949227018488778
1712268675.561157,-0.042822808027267456,0.04474695771932602,-0.00849889125674963
1712268675.562176,0.25913826293415493,-0.11357211404376559,-0.07574574814902411
1712268675.5631952,0.5484964781337314,-0.23580728305710685,-0.12968334058920541
1712268675.5642142,0.8140334155824449,-0.344733198483785,-0.17381409804026285
1712268675.5652335,1.0322781403859456,-0.44245127174589366,-0.22319849994447497
1712268675.5662525,1.2011288272009955,-0.5223069257206386,-0.2893946237034268
1712268675.5672717,1.3149804539150662,-0.5454230308532715,-0.3331751293606228
1712268675.5682907,1.3650751113891602,-0.5608338117599487,-0.3538395298851861
1712268675.5693097,1.3500116931067572,-0.5387684040599399,-0.36539759900834823
1712268675.570329,1.2697900666130912,-0.4613644546932644,-0.34928636418448555
1712268675.571348,1.1314165592193604,-0.37870685259501136,-0.3216170933511522
1712268675.5723672,0.9362924761242336,-0.3020034233729045,-0.2981507447030809
1712268675.5733862,0.6998315122392442,-0.19763069020377264,-0.26137510935465497
1712268675.5744054,0.4269380039638943,-0.06383745206726922,-0.18852434224552578
1712268675.5754244,0.12251635392506917,0.0500016493929757,-0.10761795772446527
1712268675.5764434,-0.1913262903690338,0.16175135970115662,-0.04247256451182895
1712268675.5774627,-0.4904347327020433,0.2713992032739851,0.02442882913682196
1712268675.5784817,-0.7580212089750502,0.3320032689306471,0.07452353007263607
1712268675.579501,-0.987431075837877,0.37369049257702297,0.11270759834183587
1712268675.58052,-1.1622028880649142,0.42098267210854423,0.15474511517418754
1712268675.5815392,-1.2756819195217557,0.4497083028157552,0.18907575143708122
1712268675.5825582,-1.3345229625701904,0.44130080276065403,0.19082731670803493
1712268675.5835774,-1.3324214352501762,0.43044113450580174,0.1638532347149319
1712268675.5845964,-1.2672760751512315,0.41677892208099365,0.14843949013286167
1712268675.5856154,-1.151695516374376,0.3666842314932081,0.11761197613345252
1712268675.5866346,-0.988481773270501,0.333404541015625,0.08152978287802802
1712268675.5876536,-0.7786856094996134,0.29697202973895603,0.05560665080944697
1712268675.5886729,-0.5275606115659078,0.21254668633143106,0.00831445058186849
1712268675.5896919,-0.2445633874999152,0.11025541358523898,-0.054030621217356786
1712268675.590711,0.0629632133576605,0.01321882630387942,-0.10831845303376515
1712268675.59173,0.3754420412911309,-0.08134965267446306,-0.13423651456832886
1712268675.592749,0.6651505496766832,-0.2011331253581577,-0.17066188984447056
1712268675.5937684,0.9254327747556899,-0.2978005011876424,-0.20953898628552753
1712268675.5947874,1.1366713047027588,-0.384310781955719,-0.24106095234553018
1712268675.5958066,1.2922100226084392,-0.48307958576414317,-0.27608535355991787
1712268675.5968256,1.3773360517289903,-0.5363166994518703,-0.2960492836104499
1712268675.5978448,1.3959026336669922,-0.547174248430464,-0.2911458412806193
1712268675.5988638,1.3430053657955594,-0.5384181605445014,-0.2844912144872877
1712268675.599883,1.225650707880656,-0.5167030294736227,-0.2935975458886888
1712268675.600902,1.0511949989530776,-0.4428015483750237,-0.29499851995044285
1712268675.601921,0.8269949754079182,-0.34823563363817,-0.2659282750553555
1712268675.6029403,0.5632095866733127,-0.2431624134381612,-0.23790876070658365
1712268675.6039593,0.2612401379479302,-0.08520233962270948,-0.18852434224552578
1712268675.6049786,-0.04947744723823335,0.07067008978790706,-0.13038382762008244
1712268675.6059976,-0.3573419650395711,0.19257886542214286,-0.08205014798376295
1712268675.6070168,-0.6431411372290717,0.29977450768152875,-0.036518416470951505
1712268675.6080358,-0.8848095602459377,0.41292548179626465,0.025479766643709607
1712268675.609055,-1.0788447327084012,0.48649112383524573,0.1039497885439131
1712268675.610074,-1.217541429731581,0.5215223961406283,0.15124198463228014
1712268675.611093,-1.2931941615210638,0.5512989560763041,0.1918782459364997
1712268675.6121123,-1.3096556398603652,0.5236242545975579,0.2121963765886095
1712268675.6131313,-1.2739307350582547,0.4616189334127638,0.2037888765335083
1712268675.6141505,-1.1902223692999945,0.41397644413842094,0.1960819959640503
1712268675.6151695,-1.056779358122084,0.35442329115337795,0.18347074588139853
1712268675.6161888,-0.8844592836168077,0.27034827404552036,0.14283448457717896
1712268675.6172078,-0.669059223598904,0.17085949579874674,0.06646633976035647
1712268675.6182268,-0.4116298092736138,0.08818571766217549,-0.003245230246749189
1712268675.619246,-0.12898285355832842,-0.020407189925511677,-0.06874086956183116
1712268675.620265,0.1701588597562578,-0.11777503622902764,-0.1373887062072754
1712268675.6212842,0.46792457501093543,-0.1787175072564019,-0.18607263763745627
1712268675.6223032,0.7471236917707655,-0.25787265764342415,-0.23265509141816032
1712268675.6233225,0.9919922219382392,-0.344733198483785,-0.28694291909535724
1712268675.6243415,1.1867659621768527,-0.4021732343567742,-0.32757123311360675
1712268675.6253607,1.3247891267140706,-0.42914201815923053,-0.32722098959816825
1712268675.6263797,1.3934503661261664,-0.45611080196168685,-0.3146121899286906
1712268675.6273987,1.3931001557244194,-0.45541031493080986,-0.306556589073605
1712268675.628418,1.3254898124270968,-0.426690313551161,-0.2827399969100952
1712268675.629437,1.1979760064019096,-0.41408151388168335,-0.26242583990097046
1712268675.6304562,1.0049537817637126,-0.3706512517399258,-0.23755851719114515
1712268675.6314752,0.760785871081882,-0.28519170151816475,-0.1913262903690338
1712268675.6324944,0.47247863478130764,-0.18011848131815592,-0.1387896802690294
1712268675.6335135,0.14843949013286167,-0.08345112204551697,-0.10166380968358782
1712268675.6345325,-0.17976823780271742,0.032836331261528864,-0.08275063501463996
1712268675.6355517,-0.4904347327020433,0.16070043047269186,-0.04247256451182895
1712268675.6365707,-0.7723812262217203,0.2598388824197981,-0.006047182509468662
1712268675.63759,-1.0066945023006864,0.37018736203511554,0.03458789446287685
1712268675.638609,-1.1793647872077093,0.47212832503848606,0.08503290514151256
1712268675.6396282,-1.2865395016140408,0.516267716884613,0.1158604191409217
1712268675.6406472,-1.3338224093119304,0.5316814449098375,0.1302232344945272
1712268675.6416664,-1.3194624582926433,0.5358851949373881,0.14143322904904684
1712268675.6426854,-1.2480126486884222,0.5288789669672648,0.1698085500134362
1712268675.6437044,-1.134533617231581,0.47247863478130764,0.1736619902981652
1712268675.6447237,-0.9713198079003228,0.41292548179626465,0.15684699018796286
1712268675.6457427,-0.7664270533455743,0.32990141047371757,0.12917229698763952
1712268675.646762,-0.5244083868132697,0.19082731670803493,0.07557446757952373
1712268675.647781,-0.2550707095199161,0.06646633976035647,0.017422578401035733
1712268675.6488001,0.032836331261528864,-0.04772622552182939,-0.029163290229108598
1712268675.6498191,0.32254483964708114,-0.17101213335990906,-0.08275063501463996
1712268675.6508384,0.6006930271784464,-0.3013029363420274,-0.16120529837078518
1712268675.6518574,0.856771535343594,-0.39026492171817356,-0.23650777008798388
1712268675.6528764,1.0725641250610352,-0.4638161924150255,-0.2844912144872877
1712268675.6538956,1.234408484564887,-0.5205557081434462,-0.3300229377216763
1712268675.6549146,1.3328463501400418,-0.5160025424427456,-0.34823563363817
1712268675.6559339,1.3699795140160453,-0.49183570676379734,-0.34928636418448555
1712268675.6569529,1.3409035735660129,-0.47047081920835704,-0.3531390428543091
1712268675.657972,1.252975066502889,-0.425289339489407,-0.34823563363817
1712268675.658991,1.10654440191057,-0.33597707748413086,-0.3111097547743055
1712268675.66001,0.8998599979612563,-0.24666484859254625,-0.24421314398447672
1712268675.6610293,0.6430808703104655,-0.1527994540002611,-0.1906258033381568
1712268675.6620483,0.3516207800971137,-0.036168172955513,-0.1275818712181515
1712268675.6630676,0.03844133267800013,0.05595696055226856,-0.07014184362358517
1712268675.6640866,-0.27573511004447937,0.1302232344945272,-0.023559385703669652
1712268675.6651058,-0.5790464745627509,0.22550826271375018,0.03178539375464121
1712268675.6661248,-0.8452319436603122,0.310283899307251,0.09098822044001685
1712268675.667144,-1.067987216843499,0.36703454123602974,0.12707042197386423
1712268675.668163,-1.230150196287367,0.4017155037985908,0.12952260673046112
1712268675.669182,-1.3233151700761583,0.4420014222462972,0.13722947902149624
1712268675.6702013,-1.3530858357747395,0.4427020748456319,0.14213386509153578
1712268675.6712203,-1.3264673286014133,0.44515424304538304,0.13337604701519012
1712268675.6722395,-1.2417081991831462,0.4609183139271206,0.13267541925112405
1712268675.6732585,-1.1040623320473564,0.433593922191196,0.11831260389751858
1712268675.6742778,-0.9219354391098022,0.36493264966540867,0.07697571482923296
1712268675.6752968,-0.6963782178031074,0.29487013816833496,0.030033830553293228
1712268675.6763158,-0.42809128761291504,0.21850200162993536,0.005862262203461594
1712268675.677335,-0.1384394367535909,0.10570135381486681,-0.023559385703669652
1712268675.678354,0.16350292497211033,-0.011300844036870532,-0.07224331299463908
1712268675.6793733,0.4651220639546712,-0.12372919254832797,-0.1139223575592041
1712268675.6803923,0.748875273598565,-0.2673292491171095,-0.16891067226727804
1712268675.6814115,0.991291602452596,-0.3948180874188741,-0.22109703885184392
1712268675.6824305,1.1825622452629936,-0.47362301084730357,-0.25086778733465404
1712268675.6834497,1.3093753655751545,-0.5265098479059007,-0.2704814573129018
1712268675.6844687,1.3696291711595323,-0.5702903535630968,-0.30060244931115043
1712268675.6854877,1.3654254542456732,-0.5695898665322198,-0.3342258599069383
1712268675.686507,1.3023691707187228,-0.5321137772666084,-0.33562683396869236
1712268675.687526,1.1780081854926214,-0.4806278811560737,-0.3286219636599223
1712268675.6885452,0.9937437375386555,-0.37695563501781887,-0.30410488446553546
1712268675.6895642,0.7590343554814656,-0.24071070883009169,-0.2550707095199161
1712268675.6905835,0.48789239592022365,-0.12232821020815107,-0.21129020386272007
1712268675.6916025,0.18872544169425964,-0.0011437657910088699,-0.16785994172096252
1712268675.6926217,-0.11742479271358913,0.13057354423734877,-0.11077015764183468
1712268675.6936407,-0.41513224442799884,0.2612401379479302,-0.02320914218823115
1712268675.6946597,-0.6942767567104763,0.3481176495552063,0.04544758548339208
1712268675.695679,-0.9306914938820733,0.4356958137618171,0.10149759550889333
1712268675.696698,-1.1114174789852567,0.4812364445792304,0.149840729104148
1712268675.6977172,-1.235053671730889,0.47247863478130764,0.17085949579874674
1712268675.6987362,-1.304401954015096,0.4693258139822218,0.18557262089517382
1712268675.6997554,-1.313508219189114,0.4633705152405633,0.20413918627632988
1712268675.7007744,-1.2728799713982475,0.42868955267800224,0.20308825704786512
1712268675.7017934,-1.1832174989912245,0.37018736203511554,0.16105074021551344
1712268675.7028127,-1.0364652342266507,0.321844220161438,0.11095604134930505
1712268675.7038317,-0.8441812462276882,0.25073076287905377,0.06786759114927715
1712268675.704851,-0.6126699182722304,0.1642035444577535,0.010416325595643785
1712268675.70587,-0.344032711452908,0.10359947052266863,-0.036168172955513
1712268675.7068892,-0.04667549497551388,0.025830080525742635,-0.08169990446832445
1712268675.7079082,0.26088982820510864,-0.08485209610727099,-0.14474383658832973
1712268675.7089274,0.5621586243311564,-0.1920267773999108,-0.20813801222377354
1712268675.7099464,0.8410074975755479,-0.2701312137974633,-0.2445633874999152
1712268675.7109654,1.0725641250610352,-0.35033709473080105,-0.2592736482620239
1712268675.7119846,1.2459688716464572,-0.41898492309782237,-0.28554194503360325
1712268675.7130036,1.3584191269344754,-0.4491059316529168,-0.29464827643500435
1712268675.7140229,1.402558618121677,-0.48658205403221977,-0.2978005011876424
1712268675.7150419,1.3808392153845892,-0.5167030294736227,-0.30305415391921997
1712268675.716061,1.2876559628380668,-0.49253619379467434,-0.28624243206448025
1712268675.71708,1.133868826760186,-0.4392990801069471,-0.25051754381921554
1712268675.7180994,0.9142227967580159,-0.37485417392518783,-0.22074679533640543
1712268675.7191184,0.6500871313942803,-0.2897448672188653,-0.21023947331640455
1712268675.7201374,0.3530220521820916,-0.16085505485534668,-0.1783672637409634
1712268675.7211566,0.0380910187959671,-0.04492427325910992,-0.13528724511464438
1712268675.7221756,-0.28098877933290267,0.08958697319030762,-0.09255747000376384
1712268675.7231948,-0.5793966849644979,0.24547606706619263,-0.0323154880768723
1712268675.7242138,-0.8389275603824191,0.3600282801522149,0.021976642310619354
1712268675.725233,-1.0473228163189359,0.43744736247592503,0.059109777212142944
1712268675.726252,-1.1993287669287787,0.5029558142026266,0.09309009545379214
1712268675.727271,-1.2826867898305256,0.5523498853047689,0.14598730537626478
1712268675.7282903,-1.314208772447374,0.5551523963610331,0.18802480565177068
1712268675.7293093,-1.2903922133975558,0.5358851949373881,0.20098638203408983
1712268675.7303286,-1.2133385075463188,0.5057583252588908,0.20413918627632988
1712268675.7313476,-1.0893521043989394,0.4185305039087931,0.1813688708676232
1712268675.7323668,-0.9219354391098022,0.3172901603910658,0.14073260956340367
1712268675.7333858,-0.7117889987097846,0.22831075721316868,0.10640197330050997
1712268675.734405,-0.47082106272379554,0.12742073171668583,0.062262589732805886
1712268675.735424,-0.2014833688735962,0.00025726080315911933,-0.007798403191069761
1712268675.736443,0.08818571766217549,-0.11637406216727363,-0.09781113101376428
1712268675.7374623,0.38490047057469684,-0.2147926390171051,-0.16330677602026197
1712268675.7384813,0.6648002730475532,-0.3237185544437832,-0.22565020455254448
1712268675.7395005,0.9163246552149454,-0.3839605384402805,-0.27678584059079486
1712268675.7405195,1.1198563045925565,-0.4168834620051914,-0.30375464095009697
1712268675.7415388,1.272242334153917,-0.4571615325080024,-0.3345761034223768
1712268675.7425578,1.3584191269344754,-0.47957715060975814,-0.3580424520704481
1712268675.7435768,1.3832913504706488,-0.4666181405385335,-0.3580424520704481
1712268675.744596,1.3409035735660129,-0.42844153112835354,-0.3202161192893982
1712268675.745615,1.229854424794515,-0.3930668698416816,-0.28659267557991874
1712268675.7466342,1.0585516028934054,-0.31741417116589016,-0.24771559569570753
1712268675.7476532,0.8378546767764621,-0.23930973476833767,-0.2032345864507887
1712268675.7486725,0.5688146087858412,-0.18151945537990993,-0.1629565159479777
1712268675.7496915,0.2640426324473487,-0.08415160907639398,-0.11707454919815063
1712268675.7507107,-0.06033501277367274,0.031084768060180876,-0.052979886531829834
1712268675.7517297,-0.38220932086308795,0.13547792202896541,-0.0014940098238488038
1712268675.7527487,-0.6837694512473212,0.2195529474152459,0.025830080525742635
1712268675.753768,-0.9359451797273424,0.3169398506482442,0.047899774379200406
1712268675.754787,-1.135234038035075,0.38945453034506905,0.0839819676346249
1712268675.7558062,-1.2683268388112385,0.4342945416768392,0.10359947052266863
1712268675.7568252,-1.3373249106936984,0.49875206417507595,0.1316244817442364
1712268675.7578444,-1.3436292277442083,0.5278280046251085,0.15544573465983072
1712268675.7588634,-1.2942447927263048,0.5071595642301772,0.15054136514663696
1712268675.7598827,-1.1895218160417345,0.47247863478130764,0.13442698452207777
1712268675.7609017,-1.0357647471957736,0.4377976722187466,0.1260194761885537
1712268675.7619207,-0.8371763759189181,0.3691364328066508,0.12006416916847229
1712268675.76294,-0.6035635868708292,0.2713992032739851,0.08188009262084961
1712268675.763959,-0.3338756163914998,0.17576386531194052,0.03844133267800013
1712268675.7649782,-0.03932036873367097,0.04299539658758375,-0.01550377243094974
1712268675.7659972,0.25703638792037964,-0.1128716187344657,-0.08590282665358649
1712268675.7670164,0.5456939670774672,-0.23510679602622986,-0.1398404108153449
1712268675.7680354,0.8101799752977159,-0.34193125036027694,-0.18397115998797947
1712268675.7690544,1.0277240806155734,-0.4431517918904622,-0.23265509141816032
1712268675.7700737,1.1976256635453966,-0.5216064386897616,-0.29534879657957286
1712268675.7710927,1.3100760512881808,-0.5499762296676636,-0.3335253728760613
1712268675.772112,1.3594701555040147,-0.5720416042539809,-0.3534892863697476
1712268675.773131,1.3465085294511583,-0.5450727873378329,-0.36294589440027875
1712268675.7741501,1.2673379315270317,-0.4659176535076565,-0.34088051981396145
1712268675.7751691,1.1307160059611003,-0.39236638281080455,-0.3153126769595676
1712268675.7761884,0.9390950202941895,-0.30935853719711304,-0.2928970588578118
1712268675.7772074,0.7022837135526869,-0.2028843429353502,-0.2557711965507931
1712268675.7782264,0.4272883137067159,-0.06979160010814667,-0.18292042944166395
1712268675.7792456,0.11971385114722781,0.04159414519866308,-0.10621698366271125
1712268675.7802646,-0.19412823849254185,0.16105074021551344,-0.04387354271279441
1712268675.7812839,-0.4939371678564283,0.2770042088296678,0.022326954123046663
1712268675.7823029,-0.7646758026546902,0.33095233970218235,0.07067008978790706
1712268675.783322,-0.9923344850540161,0.37789424260457355,0.10675229132175446
1712268675.784341,-1.1667560206519232,0.4272883137067159,0.15054136514663696
1712268675.78536,-1.2823365794287787,0.4532114333576626,0.18452167510986328
1712268675.7863793,-1.3404770692189534,0.44130080276065403,0.18487200140953064
1712268675.7873983,-1.3369745678371854,0.4300907916492886,0.16035012072987026
1712268675.7884176,-1.2718292077382405,0.41222486231062144,0.14668792486190796
1712268675.7894366,-1.1569492022196453,0.36423203017976546,0.11656103862656488
1712268675.7904558,-0.9930349720848931,0.3316529591878255,0.08363165789180331
1712268675.7914748,-0.7797363069322374,0.29662171999613446,0.05805883970525529
1712268675.792494,-0.5286113421122233,0.2135976321167416,0.00866476291169723
1712268675.793513,-0.24351265695359972,0.11095604134930505,-0.05017793426911036
1712268675.794532,0.0629632133576605,0.015320702352457576,-0.10131356616814931
1712268675.7955513,0.3719389107492235,-0.08205014798376295,-0.1261808971563975
1712268675.7965703,0.6598958704206679,-0.2018336123890347,-0.165408237112893
1712268675.7975895,0.9219296773274739,-0.29079559776518077,-0.2032345864507887
1712268675.7986085,1.1342191696166992,-0.38326005140940345,-0.23475655251079136
1712268675.7996278,1.2918598122066922,-0.48763278457853526,-0.2746843794981639
1712268675.8006468,1.3780367374420166,-0.5380679170290629,-0.29534879657957286
1712268675.801666,1.394851737552219,-0.549625986152225,-0.2935975458886888
1712268675.802685,1.3426551553938124,-0.5398191346062554,-0.2893946237034268
1712268675.803704,1.2245998117658827,-0.5149518118964301,-0.30025220579571194
1712268675.8047233,1.0536472002665203,-0.4350961579216851,-0.29920147524939644
1712268675.8057423,0.8304980728361342,-0.344032711452908,-0.2690804832511478
1712268675.8067615,0.5618083477020264,-0.23650777008798388,-0.23825900422202215
1712268675.8077805,0.2615904476907518,-0.07784721752007802,-0.18537215060657924
1712268675.8087997,-0.05017793426911036,0.07557446757952373,-0.12197796669271257
1712268675.8098187,-0.35874297221501666,0.19327950146463183,-0.07084233065446217
1712268675.8108377,-0.6417401631673177,0.30467891030841404,-0.022858898672792647
1712268675.811857,-0.8827080991533067,0.4125751720534431,0.04439664797650443
1712268675.812876,-1.0753422975540161,0.4826376835505167,0.11936354140440622
1712268675.8138952,-1.2150896920098198,0.5166180266274346,0.16245199574364555
1712268675.8149142,-1.2893414497375488,0.5442926949924892,0.1974832514921824
1712268675.8159335,-1.307203902138604,0.5176689558558993,0.21184606684578788
1712268675.8169525,-1.2746311558617485,0.4588164554701911,0.19888449046346876
1712268675.8179717,-1.1905725797017415,0.4153776831097073,0.18837511539459229
1712268675.8189907,-1.059931582874722,0.3596779704093933,0.17085949579874674
1712268675.8200097,-0.8886622058020698,0.2720998227596283,0.12707042197386423
1712268675.821029,-0.6753636068767971,0.17436260978380838,0.04930102162890964
1712268675.822048,-0.41933516661326087,0.0902875926759508,-0.013402308233910136
1712268675.8230672,-0.13318577574359045,-0.021107676956388686,-0.07679648697376251
1712268675.8240862,0.16490418050024244,-0.11497308810551961,-0.1398404108153449
1712268675.8251054,0.4609183139271206,-0.18151945537990993,-0.18467166357570225
1712268675.8261244,0.7436205943425497,-0.2690804832511478,-0.23230484790272182
1712268675.8271434,0.991291602452596,-0.3562912344932556,-0.2837907274564107
1712268675.8281627,1.1888678868611653,-0.41583273145887584,-0.3195156322585212
1712268675.8291817,1.3265407085418701,-0.4392990801069471,-0.31846490171220565
1712268675.830201,1.3927498128679063,-0.4673186275694105,-0.30935853719711304
1712268675.83122,1.391698916753133,-0.4617146982087029,-0.30340439743465847
1712268675.8322392,1.3244387838575575,-0.426690313551161,-0.2823897533946567
1712268675.8332582,1.1944728427463107,-0.41513224442799884,-0.26382681396272445
1712268675.8342774,1.0053040583928425,-0.36854979064729476,-0.2417614393764072
1712268675.8352964,0.7586840126249526,-0.27818683120939464,-0.19342775146166483
1712268675.8363154,0.46757426526811385,-0.1783672637409634,-0.14229213198026022
1712268675.8373346,0.14318479432000053,-0.07994867861270905,-0.11041991412639618
1712268675.8383536,-0.18362091647254095,0.03844133267800013,-0.0876540525092019
1712268675.8393729,-0.4942874113718668,0.16350292497211033,-0.043523299197355904
1712268675.8403919,-0.7748328977160983,0.2584376434485118,-0.004295962345268991
1712268675.841411,-1.0080954763624403,0.3719389107492235,0.03914195630285475
1712268675.84243,-1.1790145768059623,0.47177801529566443,0.09238946768972608
1712268675.8434494,-1.2896916601392958,0.5148664447996352,0.12216604418224758
1712268675.8444684,-1.3359239366319444,0.5299298961957296,0.13687916927867466
1712268675.8454874,-1.31981266869439,0.5411399073070949,0.15299354990323386
1712268675.8465066,-1.2494136227501762,0.5281783474816216,0.18277012639575535
1712268675.8475256,-1.1355842484368217,0.47212832503848606,0.18101856112480164
1712268675.8485448,-0.9765734937455919,0.41607830259535045,0.1638532347149319
1712268675.8495638,-0.7709802521599664,0.32639827993181014,0.13267541925112405
1712268675.850583,-0.5282610985967848,0.19082731670803493,0.07627509534358978
1712268675.851602,-0.2592736482620239,0.06646633976035647,0.01847351590792338
1712268675.852621,0.030033830553293228,-0.050528177784548864,-0.029863779329591326
1712268675.8536403,0.31939201884799534,-0.17381409804026285,-0.0887047830555174
1712268675.8546593,0.5978905492358737,-0.30340439743465847,-0.17171262039078605
1712268675.8556786,0.8536187145445082,-0.389214191171858,-0.24526387453079224
1712268675.8566976,1.0697615808910794,-0.466968384053972,-0.2939477894041273
1712268675.8577168,1.2291538715362549,-0.5212561951743232,-0.33982978926764595
1712268675.8587358,1.3268910513983831,-0.5082971851030985,-0.35454001691606307
1712268675.859755,1.3640242152743869,-0.48798302809397376,-0.3527887993388706
1712268675.860774,1.3381010956234403,-0.47012057569291854,-0.3531390428543091
1712268675.861793,1.24877134958903,-0.42318787839677596,-0.34193125036027694
1712268675.8628123,1.102690961625841,-0.33947954575220746,-0.29920147524939644
1712268675.8638313,0.8970575200186836,-0.2512180308500926,-0.23300533493359882
1712268675.8648505,0.641329288482666,-0.16120529837078518,-0.17941799428727892
1712268675.8658695,0.3523213995827569,-0.041071590450074934,-0.11847553153832753
1712268675.8668888,0.04019289794895384,0.04825008412202199,-0.0627867215209537
1712268675.8679078,-0.2753848665290409,0.12076478865411547,-0.021808166056871414
1712268675.8689268,-0.5769450134701198,0.2195529474152459,0.03248601944910155
1712268675.869946,-0.8452319436603122,0.3071310785081651,0.08468259539869097
1712268675.870965,-1.068687703874376,0.36037858989503646,0.11796229415469699
1712268675.8719842,-1.231901380750868,0.3996136122279697,0.11621072888374329
1712268675.8730032,-1.3257667753431532,0.4455045527882046,0.1260194761885537
1712268675.8740225,-1.3565883371565077,0.44830706384446883,0.1316244817442364
1712268675.8750415,-1.3289190663231742,0.4532114333576626,0.12847166922357348
1712268675.8760607,-1.2455609109666612,0.4609183139271206,0.1316244817442364
1712268675.8770797,-1.1089657412634955,0.42658769422107273,0.11761197613345252
1712268675.8780987,-0.9268388483259413,0.3579264216952854,0.08047884537114038
1712268675.879118,-0.6963782178031074,0.28330981731414795,0.03914195630285475
1712268675.880137,-0.425989826520284,0.2072920070754157,0.01812320202589035
1712268675.8811562,-0.1377389497227139,0.0920391579469045,-0.012701820168230269
1712268675.8821752,0.16560479998588562,-0.019356457309590444,-0.06453794323735766
1712268675.8831944,0.46862519449657863,-0.13108431465095943,-0.10971942709551917
1712268675.8842134,0.748875273598565,-0.2802882923020257,-0.1657584806283315
1712268675.8852327,0.991291602452596,-0.3972697920269436,-0.2193458212746514
1712268675.8862517,1.1808106634351943,-0.4725722803009881,-0.24841608272658453
1712268675.8872707,1.3062225447760687,-0.5282610985967848,-0.27223267489009434
1712268675.88829,1.364724768532647,-0.5685391690995958,-0.30445512798097396
1712268675.889309,1.3633235295613606,-0.5674884054395888,-0.3380785716904534
1712268675.8903282,1.298866007063124,-0.5310630467202928,-0.33982978926764595
1712268675.8913472,1.172403229607476,-0.48342982927958167,-0.3310736682679918
1712268675.8923664,0.9888394011391534,-0.37660539150238037,-0.3016531798574659
1712268675.8933854,0.7583336697684394,-0.24386290046903822,-0.2519185178809696
1712268675.8944044,0.4875420861774021,-0.12863260176446703,-0.21023947331640455
1712268675.8954237,0.19047699040836757,-0.008849135289589563,-0.16400726305113897
1712268675.8964427,-0.11497308810551961,0.13057354423734877,-0.10411552257008022
1712268675.897462,-0.41338102685080635,0.2573866976632012,-0.01550377243094974
1712268675.898481,-0.6942767567104763,0.3460157910982768,0.051753210524717964
1712268675.8995001,-0.9303412834803263,0.43254299296273124,0.10990510384241739
1712268675.9005191,-1.1107169919543796,0.4808861348364088,0.15684699018796286
1712268675.9015384,-1.237155066596137,0.47633207506603664,0.1799676153394911
1712268675.9025574,-1.306503348880344,0.4728289445241292,0.1960819959640503
1712268675.9035764,-1.315609746509128,0.4640711347262064,0.2135976321167416
1712268675.9045956,-1.2756819195217557,0.42868955267800224,0.20694168077574834
1712268675.9056146,-1.1877706315782335,0.3652829925219218,0.16175135970115662
1712268675.9066339,-1.0413686434427898,0.31939201884799534,0.11025541358523898
1712268675.9076529,-0.8473334047529433,0.24687732259432474,0.06366384112172656
1712268675.908672,-0.6126699182722304,0.16525449024306402,0.002359136318167051
1712268675.909691,-0.3429819809065925,0.10920447607835133,-0.04317305154270596
1712268675.9107103,-0.0484267125527064,0.025830080525742635,-0.0880042960246404
1712268675.9117293,0.2594885726769765,-0.08415160907639398,-0.15174870689709982
1712268675.9127483,0.5607573853598701,-0.18852434224552578,-0.21058971683184305
1712268675.9137676,0.8392559157477485,-0.2704814573129018,-0.2424619264072842
1712268675.9147866,1.0708125432332356,-0.35103758176167804,-0.2515682743655311
1712268675.9158058,1.2456185287899442,-0.42318787839677596,-0.27573511004447937
1712268675.9168248,1.3566675451066759,-0.4533088538381788,-0.2837907274564107
1712268675.917844,1.403259171379937,-0.4981400900416904,-0.2921965718269348
1712268675.918863,1.3797881868150499,-0.5289615856276618,-0.2978005011876424
1712268675.919882,1.28730575243632,-0.4995410641034444,-0.2816892663637797
1712268675.9209013,1.129665109846327,-0.4435020354059007,-0.2515682743655311
1712268675.9219203,0.9131718344158596,-0.37765612204869586,-0.2291526562637753
1712268675.9229395,0.648685892422994,-0.28694291909535724,-0.22004630830552843
1712268675.9239585,0.3547736008961995,-0.15560140212376913,-0.18782385521464878
1712268675.9249778,0.03774070905314551,-0.03861988170279397,-0.14649505416552225
1712268675.9259968,-0.2823897533946567,0.09869510100947486,-0.10306479202376471
1712268675.927016,-0.5814982122845119,0.25633576843473643,-0.03932036873367097
1712268675.928035,-0.8420797851350572,0.37018736203511554,0.016021327012115054
1712268675.929054,-1.0532769229676988,0.4434026943312751,0.05805883970525529
1712268675.9300733,-1.1982780032687717,0.5064589447445339,0.09624290797445509
1712268675.9310923,-1.2844379742940266,0.5537511573897468,0.153694169388877
1712268675.9321115,-1.314558982849121,0.5498977171050178,0.19538137647840711
1712268675.9331305,-1.2907424237993028,0.5362355377939012,0.21079512106047735
1712268675.9341497,-1.2115871906280518,0.4994526836607191,0.21464856134520635
1712268675.9351687,-1.0858496030171711,0.4125751720534431,0.18942606117990282
1712268675.9361877,-0.9184330039554172,0.31939201884799534,0.14878979987568325
1712268675.937207,-0.7110885116789076,0.23286481698354083,0.11340822610590193
1712268675.938226,-0.4673186275694105,0.1316244817442364,0.06401415086454815
1712268675.9392452,-0.19973215129640368,0.007613825404809581,-0.012351575617988903
1712268675.9402642,0.09098822044001685,-0.10131356616814931,-0.09991259210639529
1712268675.9412835,0.38455016083187527,-0.2035848299662272,-0.16365701953570047
1712268675.9423025,0.6648002730475532,-0.3160131639904446,-0.22985314329465228
1712268675.9433217,0.9149234162436591,-0.37240246931711835,-0.2795878052711487
1712268675.9443407,1.1209072007073295,-0.4102288352118598,-0.30480537149641246
1712268675.9453597,1.272242334153917,-0.4592629936006334,-0.33527659045325386
1712268675.946379,1.3601707087622747,-0.48342982927958167,-0.35839272869957817
1712268675.947398,1.387144856982761,-0.46801911460028756,-0.35454001691606307
1712268675.9484172,1.3444066047668457,-0.4357966449525621,-0.3149624334441291
1712268675.9494362,1.2305551105075412,-0.40042198366589016,-0.2837907274564107
1712268675.9504554,1.060653461350335,-0.32546977202097577,-0.24421314398447672
1712268675.9514744,0.8392559157477485,-0.24911656975746155,-0.20008239481184217
1712268675.9524937,0.5688146087858412,-0.18712336818377176,-0.1622560289171007
1712268675.9535127,0.26264139347606236,-0.08940527008639441,-0.11357211404376559
1712268675.9545317,-0.0620862344900767,0.02793195553951793,-0.050528177784548864
1712268675.955551,-0.387813217110104,0.13092385398017034,0.00025726080315911933
1712268675.95657,-0.6897236241234673,0.21429825160238478,0.020925702734125983
1712268675.9575891,-0.9422495630052354,0.31448764933480156,0.04474695771932602
1712268675.9586082,-1.138035986158583,0.381397373146481,0.07767634259329902
1712268675.9596274,-1.2721794181399875,0.433593922191196,0.09624290797445509
1712268675.9606464,-1.3443297810024686,0.4962998959753248,0.1253188567029105
1712268675.9616654,-1.3467815187242296,0.5215223961406283,0.14703823460472953
1712268675.9626846,-1.2980975045098198,0.5029558142026266,0.14178353879186842
1712268675.9637036,-1.1947755018870037,0.46862519449657863,0.12496853868166605
1712268675.9647229,-1.0378662082884047,0.4367467429902818,0.12251635392506917
1712268675.9657419,-0.8389275603824191,0.36493264966540867,0.12006416916847229
1712268675.966761,-0.6049645609325832,0.27034827404552036,0.08328134814898173
1712268675.96778,-0.33667756451500785,0.17506324582629734,0.0440463340944714
1712268675.9687994,-0.04492427325910992,0.03143508194221391,-0.0102501114209493
1712268675.9698184,0.25633576843473643,-0.12232821020815107,-0.07609599166446261
1712268675.9708374,0.5449933475918239,-0.2403604653146532,-0.12793211473359
1712268675.9718566,0.8098296324412028,-0.34963660769992405,-0.17136237687534756
1712268675.9728756,1.0280744234720867,-0.45120739274554783,-0.22705119517114428
1712268675.9738948,1.1986766921149359,-0.5240581432978312,-0.29499851995044285
1712268675.9749138,1.3132288720872667,-0.5527781777911716,-0.33247464232974583
1712268675.975933,1.3615719477335613,-0.5730923016866049,-0.3576922085550096
1712268675.976952,1.3461581865946453,-0.5412201086680094,-0.36714881658554077
1712268675.977971,1.268388827641805,-0.4585625065697564,-0.3464844160609775
1712268675.9789903,1.130015320248074,-0.38255956437852645,-0.32266782389746773
1712268675.9800093,0.9359421994951036,-0.30445512798097396,-0.2971000141567654
1712268675.9810286,0.6991308927536011,-0.19482874208026463,-0.25401997897360057
1712268675.9820476,0.4230845636791653,-0.06663940432998869,-0.1762658026483324
1712268675.9830668,0.1158604191409217,0.04264508270555072,-0.09956234859095679
1712268675.9840858,-0.19552922911114162,0.16105074021551344,-0.035817929440074496
1712268675.985105,-0.4939371678564283,0.26684514350361294,0.030033830553293228
1712268675.986124,-0.7622241311603122,0.3214939104186164,0.07697571482923296
1712268675.987143,-0.9923344850540161,0.37088798152075875,0.11551010111967722
1712268675.9881623,-1.1657052569919162,0.422033601337009,0.15719729993078443
1712268675.9891813,-1.2812858157687717,0.4497083028157552,0.18732418616612753
1712268675.9902005,-1.3408272796207004,0.4409504930178324,0.1820694903532664
1712268675.9912195,-1.3366243574354384,0.4384983248180813,0.15684699018796286
1712268675.9922388,-1.2707784440782335,0.42063236236572266,0.14353510406282213
1712268675.9932578,-1.155898438559638,0.3733401828342014,0.11165666083494821
1712268675.994277,-0.9909335109922621,0.3470667203267415,0.08258072038491567
1712268675.995296,-0.7807870705922444,0.3053795297940572,0.05665758831633462
1712268675.996315,-0.5275606115659078,0.21640012661616007,0.006212575050691763
1712268675.9973342,-0.2421116828918457,0.11235728859901428,-0.051578912470075816
1712268675.9983532,0.06471477862861422,0.016021327012115054,-0.09851161804464129
1712268675.9993725,0.3754420412911309,-0.0880042960246404,-0.12057699263095856
1712268676.0003915,0.6658511691623263,-0.20848825573921204,-0.1626062724325392
1712268676.0014107,0.9275346994400024,-0.29920147524939644,-0.19973215129640368
1712268676.0024297,1.1405246787601047,-0.3930668698416816,-0.23405606547991434
1712268676.0034487,1.2943119472927518,-0.4946376548873054,-0.2708317008283403
1712268676.004468,1.3780367374420166,-0.542971326245202,-0.2914960847960578
1712268676.005487,1.3934503661261664,-0.5506767166985406,-0.2911458412806193
1712268676.0065062,1.3398525449964735,-0.542971326245202,-0.28764340612623424
1712268676.0075252,1.2238991260528564,-0.5156522989273071,-0.302353666888343
1712268676.0085444,1.0522459612952337,-0.4361468884680006,-0.2978005011876424
1712268676.0095634,0.8287465572357178,-0.3485858771536085,-0.27223267489009434
1712268676.0105827,0.5611077282163832,-0.23545703954166836,-0.24141119586096868
1712268676.0116017,0.2594885726769765,-0.0739945305718316,-0.18852434224552578
1712268676.0126207,-0.052279399500952825,0.07242165505886078,-0.125830653640959
1712268676.01364,-0.3611946768230862,0.18942606117990282,-0.07819746103551653
1712268676.014659,-0.6452425983217027,0.29907388819588554,-0.028813046713670094
1712268676.0156782,-0.8855100472768147,0.4108236233393351,0.03949227018488778
1712268676.0166972,-1.077794035275777,0.4773830042945014,0.11410885386996798
1712268676.0177164,-1.216490666071574,0.5159174071417915,0.1578979194164276
1712268676.0187354,-1.2907424237993028,0.5449933475918239,0.19853418072064716
1712268676.0197544,-1.3096556398603652,0.5134652058283488,0.21464856134520635
1712268676.0207736,-1.2756819195217557,0.4588164554701911,0.2051901320616404
1712268676.0217927,-1.1940750810835097,0.41677892208099365,0.19923481676313612
1712268676.022812,-1.063083741399977,0.3551239106390211,0.18066825138198003
1712268676.023831,-0.8914641539255778,0.2692973282602098,0.13547792202896541
1712268676.0248501,-0.6764143043094211,0.17436260978380838,0.059109777212142944
1712268676.0258691,-0.4179341925515069,0.09238946768972608,-0.0049964504109488595
1712268676.0268884,-0.13178480168183646,-0.01970670082502895,-0.07224331299463908
1712268676.0279074,0.16735636525683933,-0.1118208881881502,-0.1387896802690294
1712268676.0289264,0.46757426526811385,-0.17521507210201687,-0.18712336818377176
1712268676.0299456,0.7474740346272787,-0.26417705747816295,-0.23650777008798388
1712268676.0309646,0.9926928414238824,-0.3538395298851861,-0.2879936496416728
1712268676.0319839,1.1888678868611653,-0.4077771306037903,-0.32266782389746773
1712268676.0330029,1.32584015528361,-0.43789810604519314,-0.3156629204750061
1712268676.034022,1.39204912715488,-0.4673186275694105,-0.3076073196199205
1712268676.035041,1.3902976777818468,-0.4617146982087029,-0.2978005011876424
1712268676.0360603,1.3240885734558105,-0.4361468884680006,-0.27608535355991787
1712268676.0370793,1.19552387131585,-0.4256395830048455,-0.2550707095199161
1712268676.0380983,1.0021512375937567,-0.37835660907957286,-0.2284521692328983
1712268676.0391176,0.7562318113115098,-0.2883438931571113,-0.18151945537990993
1712268676.0401366,0.4654723736974928,-0.18502190709114075,-0.13458675808376735
1712268676.0411558,0.14213386509153578,-0.08975551360183291,-0.10726771420902675
1712268676.0421748,-0.18292042944166395,0.03563883403937022,-0.0880042960246404
1712268676.043194,-0.4939371678564283,0.15649668044514126,-0.04632525146007538
1712268676.044213,-0.7755333847469753,0.2584376434485118,-0.0120013321025504
1712268676.045232,-1.0108974244859483,0.38279861211776733,0.03318664514356189
1712268676.0462513,-1.1835677093929715,0.47983520560794407,0.08713478015528785
1712268676.0472703,-1.2914428446027968,0.5180192655987209,0.11410885386996798
1712268676.0482895,-1.3376751210954454,0.5344839559661018,0.12882197896639505
1712268676.0493085,-1.3208634323543973,0.5425411462783813,0.15019105540381536
1712268676.0503278,-1.2515150176154242,0.5229236351119148,0.18347074588139853
1712268676.0513468,-1.137335565355089,0.4630202054977417,0.17926699585384792
1712268676.052366,-0.9755227300855849,0.4104733135965135,0.1642035444577535
1712268676.053385,-0.7699294884999592,0.31483795907762313,0.13442698452207777
1712268676.054404,-0.5258093608750237,0.17926699585384792,0.07662540508641137
1712268676.0554233,-0.2554209530353546,0.06261290361483891,0.021276016616159014
1712268676.0564423,0.032135705567068525,-0.05192915598551432,-0.028813046713670094
1712268676.0574615,0.3207932909329732,-0.1787175072564019,-0.09150673117902544
1712268676.0584805,0.5982408258650038,-0.30410488446553546,-0.17661604616377088
1712268676.0594997,0.8543193340301514,-0.38991467820273507,-0.24806583921114603
1712268676.0605187,1.068360341919793,-0.4666181405385335,-0.2974502576722039
1712268676.0615377,1.2319563494788275,-0.5156522989273071,-0.34193125036027694
1712268676.062557,1.330043872197469,-0.505495203865899,-0.3559409909778171
1712268676.063576,1.368928485446506,-0.4897342456711663,-0.3569917215241326
1712268676.0645952,1.3398525449964735,-0.46977033217748004,-0.35944345924589366
1712268676.0656142,1.252274513244629,-0.4270405570665995,-0.346134172545539
1712268676.0666335,1.1061941252814398,-0.3387790587213304,-0.30095269282658893
1712268676.0676525,0.8995096551047431,-0.2564716835816701,-0.23615752657254535
1712268676.0686717,0.6427305274539523,-0.15910383727815416,-0.18362091647254095
1712268676.0696907,0.3523213995827569,-0.040371099279986486,-0.11917601856920454
1712268676.0707097,0.042294772962729134,0.04649852299027973,-0.0624364780055152
1712268676.071729,-0.27363364895184833,0.1260194761885537,-0.015153527880708376
1712268676.072748,-0.5772952238718668,0.22901137669881183,0.043345710469616786
1712268676.0737672,-0.8466329177220662,0.31518826882044476,0.0958925982316335
1712268676.0747862,-1.071839862399631,0.3705376717779371,0.12742073171668583
1712268676.0758054,-1.232952144410875,0.4111739330821567,0.12742073171668583
1712268676.0768244,-1.3261171181996663,0.4525108138720194,0.13863073454962835
1712268676.0778437,-1.3569385475582547,0.4497083028157552,0.14038229982058206
1712268676.0788627,-1.3285687234666612,0.4588164554701911,0.13477729426489934
1712268676.0798817,-1.2434595161014133,0.4710773958100213,0.13582823177178702
1712268676.080901,-1.1075647672017415,0.4339442319340176,0.11866291364034016
1712268676.08192,-0.9257880846659342,0.36598361200756496,0.07767634259329902
1712268676.0829391,-0.6946270333396064,0.29907388819588554,0.036339457664224833
1712268676.0839581,-0.425989826520284,0.21710074610180324,0.019174141602383718
1712268676.0849774,-0.1377389497227139,0.09449135098192427,-0.017605237662792206
1712268676.0859964,0.1638532347149319,-0.019356457309590444,-0.06558867378367318
1712268676.0870154,0.4640711347262064,-0.1373887062072754,-0.10866869654920366
1712268676.0880346,0.745021833313836,-0.28519170151816475,-0.164707750082016
1712268676.0890536,0.9895400206247965,-0.40497518248028225,-0.21409215198622808
1712268676.0900729,1.179759767320421,-0.47852642006344265,-0.24106095234553018
1712268676.0910919,1.3048213058047824,-0.5363166994518703,-0.26487754450904
1712268676.092111,1.3633235295613606,-0.583599673377143,-0.30305415391921997
1712268676.09313,1.3615719477335613,-0.5804474486245049,-0.3387790587213304
1712268676.0941494,1.2985156642066107,-0.542971326245202,-0.34088051981396145
1712268676.0951684,1.17170254389445,-0.4883332716094123,-0.33632732099956936
1712268676.0961874,0.9884890582826402,-0.3759049044715034,-0.3111097547743055
1712268676.0972066,0.7541299528545803,-0.2424619264072842,-0.26417705747816295
1712268676.0982256,0.48403895563549465,-0.12688138418727452,-0.22284825642903644
1712268676.0992448,0.18347074588139853,-0.006397426542308595,-0.17661604616377088
1712268676.1002638,-0.12057699263095856,0.12952260673046112,-0.10971942709551917
1712268676.101283,-0.4210863841904534,0.25283263789282906,-0.020407189925511677
1712268676.102302,-0.6991801659266154,0.3404107689857483,0.04544758548339208
1712268676.1033213,-0.9345442056655884,0.43044113450580174,0.1078032288286421
1712268676.1043403,-1.1180721388922796,0.46792457501093543,0.15614637070231968
1712268676.1053593,-1.2431091732449002,0.45671456389957005,0.17856637636820474
1712268676.1063786,-1.3107062710656059,0.46266986264122856,0.19643230570687187
1712268676.1073976,-1.3205132219526503,0.45601394441392684,0.2153491973876953
1712268676.1084168,-1.2791844209035237,0.41993174288007945,0.2072920070754157
1712268676.1094358,-1.1888213952382405,0.36493264966540867,0.1599997944302029
1712268676.110455,-1.0410183668136597,0.3214939104186164,0.10885416633552975
1712268676.111474,-0.8480338917838203,0.25108107262187535,0.06366384112172656
1712268676.112493,-0.6133704053031074,0.1701588597562578,0.005511949873632855
1712268676.1135123,-0.34193125036027694,0.11340822610590193,-0.03967061224910948
1712268676.1145313,-0.04772622552182939,0.02793195553951793,-0.08975551360183291
1712268676.1155505,0.25633576843473643,-0.08415160907639398,-0.1527994540002611
1712268676.1165695,0.5614580048455132,-0.18747361169921026,-0.21023947331640455
1712268676.1175888,0.8413577742046779,-0.26837997966342503,-0.23860924773746067
1712268676.1186078,1.0732647445466783,-0.3576922085550096,-0.2519185178809696
1712268676.119627,1.2484210067325168,-0.42739080058203804,-0.27678584059079486
1712268676.120646,1.360871394475301,-0.4624151852395799,-0.28659267557991874
1712268676.121665,1.4064119921790228,-0.5086474286185371,-0.2939477894041273
1712268676.1226842,1.3818901114993625,-0.5324640207820468,-0.29955171876483494
1712268676.1237032,1.288356648551093,-0.5009420381651984,-0.2788873182402717
1712268676.1247225,1.1307160059611003,-0.4442025224367777,-0.24526387453079224
1712268676.1257415,0.9135221772723727,-0.3794073396258884,-0.22144728236728245
1712268676.1267607,0.6493865119086372,-0.28554194503360325,-0.21409215198622808
1712268676.1277797,0.35337236192491317,-0.15805310673183864,-0.17906775077184042
1712268676.1287987,0.0380910187959671,-0.04177207748095194,-0.14054089784622192
1712268676.129818,-0.2792375617557102,0.10710260106457604,-0.09500917461183336
1712268676.130837,-0.5772952238718668,0.2636923227045271,-0.030564266360468335
1712268676.1318562,-0.8375265863206651,0.3687860899501377,0.020925702734125983
1712268676.1328752,-1.0497744878133137,0.44410331381691825,0.05805883970525529
1712268676.1338944,-1.1972272396087646,0.5078602168295119,0.09729384548134273
1712268676.1349134,-1.2837375534905326,0.5548020866182115,0.15684699018796286
1712268676.1359327,-1.315609746509128,0.5530505379041036,0.1936298112074534
1712268676.1369517,-1.2907424237993028,0.5421908365355598,0.21009450157483417
1712268676.1379707,-1.2115871906280518,0.5064589447445339,0.21324732237392002
1712268676.13899,-1.0876008537080553,0.4125751720534431,0.18942606117990282
1712268676.140009,-0.9205344650480483,0.32219452990425956,0.15264324016041225
1712268676.1410282,-0.7121392091115316,0.2335654530260298,0.12251635392506917
1712268676.1420472,-0.4725722803009881,0.12672010395261976,0.07487383981545766
1712268676.1430664,-0.2039350734816657,-0.003595474279589123,-0.003595474279589123
1712268676.1440854,0.08713478015528785,-0.11006967061095767,-0.09150673117902544
1712268676.1451046,0.38490047057469684,-0.21409215198622808,-0.15735261970096165
1712268676.1461236,0.6672524081336128,-0.3202161192893982,-0.2263506915834215
1712268676.1471426,0.9173756175571017,-0.3752044174406263,-0.27713608410623336
1712268676.148162,1.1230091253916423,-0.41443175739712185,-0.3076073196199205
1712268676.149181,1.2732932302686903,-0.46031372414694893,-0.343332224422031
1712268676.1502001,1.3601707087622747,-0.48623181051678127,-0.36714881658554077
1712268676.1512191,1.3850429322984483,-0.467668871084849,-0.36294589440027875
1712268676.1522384,1.3402028878529866,-0.4350961579216851,-0.32231758038202923
1712268676.1532574,1.2295040819380019,-0.3986707660886976,-0.2921965718269348
1712268676.1542764,1.0592522223790486,-0.3209166063202752,-0.24806583921114603
1712268676.1552956,0.8354024754630195,-0.2550707095199161,-0.20078288184271917
1712268676.1563146,0.5660120646158854,-0.19517898559570312,-0.1622560289171007
1712268676.1573339,0.2594885726769765,-0.09045600063270992,-0.10761795772446527
1712268676.1583529,-0.06453794323735766,0.019524453414811026,-0.04422378622823291
1712268676.159372,-0.388513704140981,0.1239176011747784,0.004811324696573946
1712268676.160391,-0.6890231370925903,0.21394794185956317,0.025830080525742635
1712268676.1614103,-0.9408485889434814,0.317990779876709,0.05070227301783032
1712268676.1624293,-1.138035986158583,0.38384954134623206,0.08117946485678355
1712268676.1634483,-1.2721794181399875,0.4398995637893677,0.09834478298823038
1712268676.1644676,-1.3408272796207004,0.5134652058283488,0.12917229698763952
1712268676.1654866,-1.3464311758677165,0.5372864670223659,0.15054136514663696
1712268676.1665058,-1.297397083706326,0.5148664447996352,0.14283448457717896
1712268676.1675248,-1.1916233433617485,0.4836886458926731,0.1260194761885537
1712268676.168544,-1.0378662082884047,0.4469058248731825,0.12566916644573212
1712268676.169563,-0.8424299955368042,0.3677351607216729,0.12006416916847229
1712268676.170582,-0.6084669960869683,0.273851388030582,0.08433228565586938
1712268676.1716013,-0.3373780846595764,0.1736619902981652,0.0461482091082467
1712268676.1726203,-0.04212232099639045,0.02793195553951793,-0.0102501114209493
1712268676.1736395,0.2573866976632012,-0.12442967957920498,-0.076446243458324
1712268676.1746585,0.5474455157915751,-0.2431624134381612,-0.1261808971563975
1712268676.1756778,0.8105302519268459,-0.34963660769992405,-0.17136237687534756
1712268676.1766968,1.0277240806155734,-0.45400934086905587,-0.22600044806798297
1712268676.177716,1.1976256635453966,-0.5268600914213393,-0.2935975458886888
1712268676.178735,1.3114772902594671,-0.5552298823992411,-0.3293224506907993
1712268676.179754,1.3626229763031006,-0.5751937627792358,-0.35489026043150157
1712268676.1807733,1.3482601112789578,-0.5394688910908169,-0.36329613791571724
1712268676.1817923,1.2697900666130912,-0.4596132371160719,-0.343332224422031
1712268676.1828115,1.1314165592193604,-0.3895644346872965,-0.32266782389746773
1712268676.1838305,0.9401459164089626,-0.30900829368167454,-0.29955171876483494
1712268676.1848497,0.7019333706961738,-0.19693020317289564,-0.2564716835816701
1712268676.1858687,0.4251864221360948,-0.06733989550007714,-0.17906775077184042
1712268676.186888,0.11936354140440622,0.03774070905314551,-0.10761795772446527
1712268676.187907,-0.19272726443078783,0.15929917494455972,-0.04457402974367142
1712268676.188926,-0.4939371678564283,0.2654438879754808,0.021976642310619354
1712268676.1899452,-0.7629246181911892,0.31483795907762313,0.06856821477413177
1712268676.1909642,-0.9930349720848931,0.3719389107492235,0.11165666083494821
1712268676.1919835,-1.1692077583736844,0.42378518316480845,0.15894886520173815
1712268676.1930025,-1.2861892912122939,0.4455045527882046,0.18907575143708122
1712268676.1940217,-1.3450302018059623,0.43604612350463867,0.18417136536704168
1712268676.1950407,-1.3383755418989394,0.4342945416768392,0.16350292497211033
1712268676.1960597,-1.2728799713982475,0.4132757915390862,0.15194260411792332
1712268676.197079,-1.157649623023139,0.3684357802073161,0.11936354140440622
1712268676.198098,-0.9930349720848931,0.34286297029919094,0.0899372829331292
1712268676.1991172,-0.7797363069322374,0.29977450768152875,0.059109777212142944
1712268676.2001362,-0.5282610985967848,0.21254668633143106,0.003760386672284868
1712268676.2011554,-0.2424619264072842,0.11375853584872352,-0.055431595279110804
1712268676.2021744,0.06541540225346883,0.023027579817507002,-0.10131356616814931
1712268676.2031937,0.3726395302348667,-0.08099940915902455,-0.125830653640959
1712268676.2042127,0.6637493107053969,-0.20008239481184217,-0.16961115929815504
1712268676.2052317,0.9240315357844034,-0.2935975458886888,-0.20533604754341972
1712268676.206251,1.1356204085879855,-0.3955185744497511,-0.23895949125289917
1712268676.20727,1.2904585732354057,-0.4953381419181824,-0.27573511004447937
1712268676.2082891,1.375934812757704,-0.540869865152571,-0.2886941366725498
1712268676.2093081,1.3934503661261664,-0.5538289083374871,-0.2837907274564107
1712268676.2103274,1.3391519917382133,-0.5485752556059096,-0.28098877933290267
1712268676.2113464,1.2242494689093695,-0.5226571692360772,-0.29534879657957286
1712268676.2123654,1.0536472002665203,-0.44210102823045516,-0.29044535424974227
1712268676.2133846,0.8294471767213609,-0.35454001691606307,-0.26347657044728595
1712268676.2144036,0.5628593100441827,-0.23475655251079136,-0.23405606547991434
1712268676.2154229,0.2633420129617055,-0.06839062604639265,-0.18011848131815592
1712268676.2164419,-0.04877696020735635,0.07872728010018666,-0.12092723614639705
1712268676.217461,-0.35839272869957817,0.19818387097782558,-0.07364428705639309
1712268676.21848,-0.6431411372290717,0.31413733959198,-0.02496036183502939
1712268676.2194993,-0.8855100472768147,0.4230845636791653,0.047899774379200406
1712268676.2205184,-1.0812964704301622,0.485440194606781,0.11901323166158465
1712268676.2215374,-1.218942403793335,0.5222230156262716,0.16175135970115662
1712268676.2225566,-1.2917931874593098,0.5463945865631104,0.1999354362487793
1712268676.2235756,-1.3114068243238661,0.5096117655436198,0.21184606684578788
1712268676.2245948,-1.2812858157687717,0.4535617431004842,0.2013366917769114
1712268676.2256138,-1.1979277928670247,0.4111739330821567,0.1974832514921824
1712268676.226633,-1.067636940214369,0.35267170932557845,0.1799676153394911
1712268676.227652,-0.8960173527399699,0.2622910837332408,0.131974791487058
1712268676.2286713,-0.6781655550003052,0.17471293608347574,0.053154461913638644
1712268676.2296903,-0.4175839490360684,0.08888634542624156,-0.007798403191069761
1712268676.2307093,-0.13353601925902897,-0.021808166056871414,-0.0750452611181471
1712268676.2317286,0.1642035444577535,-0.10726771420902675,-0.1370384626918369
1712268676.2327476,0.46266986264122856,-0.17346383796797857,-0.18116921186447144
1712268676.2337668,0.7464230722851223,-0.26417705747816295,-0.23265509141816032
1712268676.2347858,0.991291602452596,-0.34928636418448555,-0.28519170151816475
1712268676.235805,1.1916703648037381,-0.4088278611501058,-0.31881514522764415
1712268676.236824,1.3268910513983831,-0.43754786252975464,-0.31391170289781356
1712268676.237843,1.3938007089826796,-0.4718717932701111,-0.30970878071255153
1712268676.2388623,1.3938007089826796,-0.4620649417241414,-0.302353666888343
1712268676.2398813,1.3268910513983831,-0.4396493236223856,-0.2816892663637797
1712268676.2409005,1.1962244245741103,-0.43264445331361556,-0.266278518570794
1712268676.2419195,1.0035525427924261,-0.3794073396258884,-0.23965997828377616
1712268676.2429388,0.7537796099980671,-0.2879936496416728,-0.1902755598227183
1712268676.2439578,0.4602176944414774,-0.1916765338844723,-0.14089114136166042
1712268676.244977,0.1400319900777605,-0.09185697469446394,-0.1128716187344657
1712268676.245996,-0.18432142006026372,0.036339457664224833,-0.0866033136844635
1712268676.247015,-0.4942874113718668,0.16070043047269186,-0.041071590450074934
1712268676.2480342,-0.7755333847469753,0.2612401379479302,-0.003595474279589123
1712268676.2490532,-1.0080954763624403,0.38279861211776733,0.04474695771932602
1712268676.2500725,-1.1793647872077093,0.47598176532321507,0.09484166072474585
1712268676.2510915,-1.2907424237993028,0.512414276599884,0.11971385114722781
1712268676.2521107,-1.3355735937754314,0.5274776948822869,0.13337604701519012
1712268676.2531297,-1.3194624582926433,0.5442926949924892,0.15439480543136597
1712268676.2541487,-1.2522155708736844,0.5246752169397142,0.18347074588139853
1712268676.255168,-1.13908674981859,0.47072705295350814,0.17331168055534363
1712268676.256187,-0.9772739807764689,0.41607830259535045,0.15824824571609497
1712268676.2572062,-0.7699294884999592,0.31658954090542263,0.12461822893884447
1712268676.2582252,-0.5293118291431003,0.18417136536704168,0.06961915228101942
1712268676.2592444,-0.2606746223237779,0.06436446474658118,0.01847351590792338
1712268676.2602634,0.026530704150597252,-0.05262964301639133,-0.029513535814152822
1712268676.2612827,0.31448764933480156,-0.18221994241078696,-0.08975551360183291
1712268676.2623017,0.5940371089511447,-0.30865805016623604,-0.17206286390622458
1712268676.2633207,0.8539690574010212,-0.39096540874905056,-0.23615752657254535
1712268676.26434,1.0711628198623657,-0.47397325436274207,-0.28484145800272626
1712268676.265359,1.234408484564887,-0.5198552211125692,-0.3296726942062378
1712268676.2663782,1.333547035853068,-0.505495203865899,-0.3436824679374695
1712268676.2673972,1.3703298568725586,-0.4939371678564283,-0.347535146607293
1712268676.2684164,1.3437060515085857,-0.4725722803009881,-0.3538395298851861
1712268676.2694354,1.256478230158488,-0.4182844360669454,-0.34193125036027694
1712268676.2704546,1.1093469460805256,-0.3342258599069383,-0.2928970588578118
1712268676.2714736,0.899159378475613,-0.25086778733465404,-0.23195460438728333
1712268676.2724926,0.6430808703104655,-0.15700237618552312,-0.17941799428727892
1712268676.273512,0.3516207800971137,-0.03967061224910948,-0.11952626208464304
1712268676.274531,0.04019289794895384,0.04159414519866308,-0.06313696503639221
1712268676.2755501,-0.2788873182402717,0.12286666366789076,-0.016904748562309477
1712268676.2765691,-0.5797469615936279,0.22305606140030754,0.04159414519866308
1712268676.2775884,-0.8501353528764513,0.30783169799380833,0.0958925982316335
1712268676.2786074,-1.0749920871522691,0.3572258022096422,0.12426791919602288
1712268676.2796264,-1.23610430293613,0.40206581354141235,0.12216604418224758
1712268676.2806456,-1.3282185130649142,0.4455045527882046,0.13863073454962835
1712268676.2816646,-1.3576389683617485,0.44830706384446883,0.14038229982058206
1712268676.2826838,-1.3296194871266682,0.4630202054977417,0.13898104429244995
1712268676.2837029,-1.2441599369049072,0.4749308029810587,0.14353510406282213
1712268676.284722,-1.1075647672017415,0.43219268321990967,0.12251635392506917
1712268676.285741,-0.9247373872333102,0.3645823399225871,0.08258072038491567
1712268676.2867603,-0.6949772437413534,0.2945198284255134,0.0440463340944714
1712268676.2877793,-0.42774104409747654,0.2121963765886095,0.025129454831282295
1712268676.2887983,-0.1391399237844679,0.0920391579469045,-0.01550377243094974
1712268676.2898176,0.16350292497211033,-0.014102796299590005,-0.06488818675279617
1712268676.2908366,0.4658226834403144,-0.1394901672999064,-0.1118208881881502
1712268676.2918558,0.7481746541129218,-0.2928970588578118,-0.17241310742166308
1712268676.2928748,0.9891896777682834,-0.40497518248028225,-0.22214776939815944
1712268676.293894,1.1783585283491347,-0.48307958576414317,-0.24946681327290005
1712268676.294913,1.303420066833496,-0.540869865152571,-0.27608535355991787
1712268676.2959323,1.3626229763031006,-0.5807977252536349,-0.31251072883605957
1712268676.2969513,1.3636738724178739,-0.5727420912848579,-0.34123076332939994
1712268676.2979703,1.2995666927761502,-0.5391186475753784,-0.3391293022367689
1712268676.2989895,1.1748553646935356,-0.4855313234859043,-0.3300229377216763
1712268676.3000085,0.9909412595960829,-0.3710014952553643,-0.2981507447030809
1712268676.3010278,0.7579833931393093,-0.2428121699227227,-0.24911656975746155
1712268676.3020468,0.485440194606781,-0.12933309707376692,-0.20848825573921204
1712268676.303066,0.18802480565177068,-0.0049964504109488595,-0.16610872414377
1712268676.304085,-0.11567357513639662,0.13547792202896541,-0.09956234859095679
1712268676.305104,-0.41548248794343734,0.2556351323922475,-0.012351575617988903
1712268676.3061233,-0.6956777307722304,0.344964861869812,0.04860039800405502
1712268676.3071423,-0.9331432316038344,0.4342945416768392,0.10640197330050997
1712268676.3081615,-1.1159706115722656,0.47212832503848606,0.14914010961850485
1712268676.3091805,-1.2420585420396593,0.4696761237250434,0.16910793052779302
1712268676.3101997,-1.3107062710656059,0.4770326945516798,0.19292919172181022
1712268676.3112187,-1.321563853157891,0.46757426526811385,0.21044481131765577
1712268676.312238,-1.2826867898305256,0.42833924293518066,0.2020373112625546
1712268676.313257,-1.1923238966200087,0.3691364328066508,0.157547609673606
1712268676.314276,-1.0459218422571819,0.3239460786183675,0.11340822610590193
1712268676.3152952,-0.8504856295055813,0.24617670310868156,0.06856821477413177
1712268676.3163142,-0.6161723534266154,0.1701588597562578,0.011817575949761603
1712268676.3173335,-0.343332224422031,0.11515979137685564,-0.030564266360468335
1712268676.3183525,-0.04457402974367142,0.023027579817507002,-0.08240039149920146
1712268676.3193717,0.26299170321888393,-0.08695356547832489,-0.14719554119639927
1712268676.3203907,0.5653114451302422,-0.18817409873008728,-0.20498580402798122
1712268676.3214097,0.8438099755181206,-0.26487754450904,-0.23335557844903734
1712268676.322429,1.0732647445466783,-0.35454001691606307,-0.24911656975746155
1712268676.323448,1.24877134958903,-0.4210863841904534,-0.27608535355991787
1712268676.3244672,1.360871394475301,-0.45576055844624835,-0.28729316261079574
1712268676.3254862,1.4060616493225098,-0.506545967525906,-0.2978005011876424
1712268676.3265054,1.3808392153845892,-0.5296620726585388,-0.30095269282658893
1712268676.3275244,1.2869554095798068,-0.49638887246449787,-0.27783658769395614
1712268676.3285437,1.1275631851620145,-0.44630398352940875,-0.24666484859254625
1712268676.3295627,0.9093184603585137,-0.384310781955719,-0.22705119517114428
1712268676.3305817,0.6483355495664809,-0.2883438931571113,-0.2172443601820204
1712268676.331601,0.3558245301246643,-0.16155554188622367,-0.18011848131815592
1712268676.33262,0.038791646560033165,-0.04422378622823291,-0.1398404108153449
1712268676.3336391,-0.2802882923020257,0.1039497885439131,-0.09045600063270992
1712268676.3346581,-0.5800972382227579,0.25913826293415493,-0.027061827066871855
1712268676.3356774,-0.8406788110733032,0.3684357802073161,0.02337789162993431
1712268676.3366964,-1.0529267125659518,0.4465555151303609,0.0629632133576605
1712268676.3377156,-1.1986282136705186,0.516267716884613,0.10500072605080074
1712268676.3387346,-1.2851385275522869,0.5611077282163832,0.16560479998588562
1712268676.3397536,-1.318061484230889,0.5537511573897468,0.19888449046346876
1712268676.3407729,-1.2949453459845648,0.5428914560212029,0.21499887108802795
1712268676.3417919,-1.218942403793335,0.49594958623250324,0.21499887108802795
1712268676.342811,-1.0932047499550712,0.40101485119925606,0.18697387642330593
1712268676.34383,-0.9271890587276882,0.3134367201063368,0.14878979987568325
1712268676.3448493,-0.7187938690185547,0.22725981142785814,0.11410885386996798
1712268676.3458683,-0.47747568951712716,0.12181572616100311,0.0629632133576605
1712268676.3468874,-0.20743752519289652,-0.002894986213909255,-0.017605237662792206
1712268676.3479066,0.08328134814898173,-0.10726771420902675,-0.10131356616814931
1712268676.3489256,0.3803464108043247,-0.21654387315114337,-0.164707750082016
1712268676.3499448,0.6626983483632406,-0.3237185544437832,-0.2288024127483368
1712268676.3509638,0.9142227967580159,-0.3752044174406263,-0.2743341359827253
1712268676.351983,1.1202066474490695,-0.41478200091256034,-0.3027039104037815
1712268676.353002,1.2701404094696045,-0.467668871084849,-0.33562683396869236
1712268676.3540213,1.360871394475301,-0.4897342456711663,-0.3573419650395711
1712268676.3550403,1.387495067384508,-0.46942008866204155,-0.347535146607293
1712268676.3560593,1.3433557086520724,-0.4438522789213392,-0.310759511258867
1712268676.3570786,1.2323066923353407,-0.4070766435729133,-0.28098877933290267
1712268676.3580976,1.0624050431781344,-0.3286219636599223,-0.2431624134381612
1712268676.3591168,0.8396061923768785,-0.26242583990097046,-0.2028843429353502
1712268676.3601358,0.568113989300198,-0.19798093371921116,-0.16821018523640102
1712268676.361155,0.2594885726769765,-0.09290771351920234,-0.11532333162095812
1712268676.362174,-0.06698965198463863,0.021976642310619354,-0.056132082309987806
1712268676.363193,-0.3934171133571201,0.12181572616100311,-0.00849889125674963
1712268676.3642123,-0.6942767567104763,0.21675043635898167,0.012868514491452111
1712268676.3652313,-0.9464524851904975,0.31904170910517377,0.04544758548339208
1712268676.3662505,-1.142238908343845,0.3841998510890537,0.0780266523361206
1712268676.3672695,-1.2753317091200087,0.4437530040740967,0.10149759550889333
1712268676.3682888,-1.3446799914042156,0.5096117655436198,0.13652885953585306
1712268676.3693078,-1.3495834668477376,0.5264267656538222,0.15509542491700914
1712268676.370327,-1.299848821428087,0.5071595642301772,0.15124198463228014
1712268676.371346,-1.1944252914852567,0.47598176532321507,0.1361785415146086
1712268676.372365,-1.0368154446283977,0.4434026943312751,0.13477729426489934
1712268676.3733842,-0.8392778370115492,0.3645823399225871,0.12426791919602288
1712268676.3744032,-0.6046142843034532,0.27735451857248944,0.08643416066964467
1712268676.3754225,-0.3338756163914998,0.18031792508231267,0.04544758548339208
1712268676.3764415,-0.04247256451182895,0.02898289304640558,-0.01375255174934864
1712268676.3774607,0.25493451290660435,-0.11742479271358913,-0.07854770455095503
1712268676.3784797,0.5428914560212029,-0.23405606547991434,-0.127231627702713
1712268676.379499,0.8056259155273438,-0.347535146607293,-0.17206286390622458
1712268676.380518,1.0259724987877739,-0.4536590973536173,-0.2312541173564063
1712268676.381537,1.1997275882297092,-0.5212561951743232,-0.29534879657957286
1712268676.3825562,1.314630111058553,-0.5524279342757331,-0.32757123311360675
1712268676.3835752,1.3650751113891602,-0.5734425783157349,-0.35068733824623954
1712268676.3845944,1.3507122463650174,-0.5331645078129238,-0.35489026043150157
1712268676.3856134,1.2711913055843778,-0.4578620195388794,-0.3342258599069383
1712268676.3866327,1.1356204085879855,-0.3874629735946655,-0.31391170289781356
1712268676.3876517,0.9439993566936916,-0.30830780665079754,-0.2918463283114963
1712268676.3886707,0.7071880499521891,-0.18782385521464878,-0.24596436156166923
1712268676.38969,0.42868955267800224,-0.06313696503639221,-0.164707750082016
1712268676.390709,0.12181572616100311,0.04474695771932602,-0.09676039218902588
1712268676.3917282,-0.19307750794622633,0.16525449024306402,-0.03371646420823203
1712268676.3927472,-0.49218595027923584,0.2654438879754808,0.02828226735194524
1712268676.3937664,-0.7650260792838203,0.31658954090542263,0.07172102729479472
1712268676.3947854,-0.9961871306101481,0.3715886010064019,0.11270759834183587
1712268676.3958046,-1.1716594960954454,0.4223839441935221,0.15824824571609497
1712268676.3968236,-1.2893414497375488,0.44515424304538304,0.18522231115235221
1712268676.3978426,-1.3495834668477376,0.4339442319340176,0.1761141750547621
1712268676.398862,-1.3425785965389676,0.4349951942761739,0.15474511517418754
1712268676.399881,-1.2774331039852567,0.4094223512543572,0.14318479432000053
1712268676.4009001,-1.1622028880649142,0.3677351607216729,0.11130635109212664
1712268676.4019191,-0.9951364331775241,0.3516207800971137,0.08818571766217549
1712268676.4029384,-0.7828885316848755,0.30362794796625775,0.05946008695496453
1712268676.4039574,-0.5307128032048544,0.21324732237392002,0.00831445058186849
1712268676.4049764,-0.24561411804623073,0.11410885386996798,-0.0484267125527064
1712268676.4059956,0.06191227585077286,0.020925702734125983,-0.08835453954007891
1712268676.4070146,0.3712382912635803,-0.08940527008639441,-0.1139223575592041
1712268676.4080338,0.6616474522484673,-0.20848825573921204,-0.16155554188622367
1712268676.4090528,0.9240315357844034,-0.29955171876483494,-0.19587947262658012
1712268676.410072,1.1398241255018446,-0.40497518248028225,-0.23405606547991434
1712268676.411091,1.291509469350179,-0.5037439862887064,-0.27223267489009434
1712268676.4121103,1.3773360517289903,-0.547174248430464,-0.2911458412806193
1712268676.4131293,1.3934503661261664,-0.5545293953683641,-0.2914960847960578
1712268676.4141483,1.3388016488817003,-0.5527781777911716,-0.29429803291956586
1712268676.4151676,1.2235487831963432,-0.5195049775971307,-0.30900829368167454
1712268676.4161866,1.0515453418095906,-0.4392990801069471,-0.2978005011876424
1712268676.4172058,0.8273452520370483,-0.3531390428543091,-0.2711819443437788
1712268676.4182248,0.5583051840464274,-0.2312541173564063,-0.23545703954166836
1712268676.419244,0.25668607817755806,-0.06944135659270816,-0.1759155591328939
1712268676.420263,-0.05333013004726834,0.07067008978790706,-0.11847553153832753
1712268676.4212823,-0.3608444333076477,0.190126680665546,-0.07119258244832356
1712268676.4223013,-0.6427908605999416,0.3050292200512356,-0.017605237662792206
1712268676.4233203,-0.8830583095550537,0.41677892208099365,0.05805883970525529
1712268676.4243395,-1.0774437586466472,0.47563145558039344,0.12286666366789076
1712268676.4253585,-1.2140389283498128,0.5194205045700073,0.16315261522928873
1712268676.4263778,-1.2931941615210638,0.5449933475918239,0.19853418072064716
1712268676.4273968,-1.313158008787367,0.5068092544873556,0.20799262656105888
1712268676.428416,-1.2795346313052707,0.45951707495583427,0.19818387097782558
1712268676.429435,-1.1972272396087646,0.422033601337009,0.19433043069309658
1712268676.430454,-1.066936453183492,0.3596779704093933,0.17576386531194052
1712268676.4314733,-0.8946163786782159,0.2717495130168067,0.1253188567029105
1712268676.4324923,-0.6795665290620592,0.18101856112480164,0.05070227301783032
1712268676.4335115,-0.4203858971595764,0.09273978571097057,-0.00849889125674963
1712268676.4345305,-0.13423651456832886,-0.021808166056871414,-0.07469501760270861
1712268676.4355497,0.16630543602837455,-0.10376527905464172,-0.13283553222815195
1712268676.4365687,0.4672239555252923,-0.17381409804026285,-0.1759155591328939
1712268676.437588,0.748875273598565,-0.2690804832511478,-0.2284521692328983
1712268676.438607,0.9958456622229682,-0.3552405039469401,-0.28098877933290267
1712268676.439626,1.19552387131585,-0.40532542599572075,-0.3121604853206211
1712268676.4406452,1.3324960072835286,-0.4357966449525621,-0.30340439743465847
1712268676.4416642,1.3962529765235052,-0.467668871084849,-0.30305415391921997
1712268676.4426835,1.3962529765235052,-0.4578620195388794,-0.2935975458886888
1712268676.4437025,1.3275916046566434,-0.44210102823045516,-0.27678584059079486
1712268676.4447217,1.1979760064019096,-0.43194396628273857,-0.26382681396272445
1712268676.4457407,1.0014506181081135,-0.37415368689431083,-0.23335557844903734
1712268676.44676,0.7544802957110934,-0.2844912144872877,-0.18432142006026372
1712268676.447779,0.462319552898407,-0.18607263763745627,-0.1384394367535909
1712268676.448798,0.14178353879186842,-0.08975551360183291,-0.11567357513639662
1712268676.4498172,-0.18432142006026372,0.040893521573808454,-0.08905502657095592
1712268676.4508362,-0.4949878984027439,0.15824824571609497,-0.043523299197355904
1712268676.4518554,-0.7758836613761054,0.2619407574335734,-0.0070979151253898936
1712268676.4528744,-1.0101969374550712,0.38770298163096106,0.04264508270555072
1712268676.4538937,-1.1825169457329643,0.4780836237801446,0.09238946768972608
1712268676.4549127,-1.2889912393358018,0.5180192655987209,0.11691135664780934
1712268676.4559317,-1.3352233833736844,0.5376367767651876,0.13337604701519012
1712268676.456951,-1.3194624582926433,0.5491970976193746,0.16175135970115662
1712268676.45797,-1.2518653604719374,0.5267770753966438,0.19327950146463183
1712268676.4589891,-1.13908674981859,0.46862519449657863,0.186273240380817
1712268676.4600081,-0.9765734937455919,0.4125751720534431,0.16875762078497145
1712268676.4610274,-0.7734319236543443,0.30748138825098675,0.131974791487058
1712268676.4620464,-0.5314132902357314,0.17331168055534363,0.07312228282292683
1712268676.4630656,-0.26207559638553196,0.06051102446185218,0.020575390921698675
1712268676.4640846,0.02442882913682196,-0.055431595279110804,-0.03021402284502983
1712268676.4651036,0.3137870298491584,-0.18852434224552578,-0.09711063570446438
1712268676.4661229,0.5940371089511447,-0.30830780665079754,-0.18607263763745627
1712268676.4671419,0.852567818429735,-0.39096540874905056,-0.24946681327290005
1712268676.468161,1.0655578639772203,-0.4729225238164266,-0.30060244931115043
1712268676.46918,1.2277526325649686,-0.512850350803799,-0.33982978926764595
1712268676.4701993,1.3282922903696697,-0.5019927687115139,-0.34893612066904706
1712268676.4712183,1.368578275044759,-0.49323668082555133,-0.35103758176167804
1712268676.4722373,1.3402028878529866,-0.4764249589708116,-0.3527887993388706
1712268676.4732566,1.252624723646376,-0.426690313551161,-0.3373780846595764
1712268676.4742756,1.1051431629392836,-0.34018003278308445,-0.28519170151816475
1712268676.4752948,0.8981084161334567,-0.26277608341640896,-0.22424923049079046
1712268676.4763138,0.6420299079683092,-0.16050481133990818,-0.17276335093710157
1712268676.477333,0.3509201606114705,-0.048076469037267894,-0.11357211404376559
1712268676.478352,0.03984258406692081,0.03143508194221391,-0.06383745206726922
1712268676.4793713,-0.27748632762167186,0.11866291364034016,-0.018655968209107716
1712268676.4803903,-0.582899186346266,0.2234063876999749,0.03949227018488778
1712268676.4814093,-0.8546885516908433,0.30958327982160777,0.08958697319030762
1712268676.4824286,-1.079545219739278,0.3635314106941223,0.11445916361278957
1712268676.4834476,-1.238906251059638,0.41222486231062144,0.11621072888374329
1712268676.4844668,-1.3303200403849285,0.45181019438637626,0.13302572899394566
1712268676.4854858,-1.3614916801452637,0.45286112361484104,0.13722947902149624
1712268676.486505,-1.3331219885084364,0.470026433467865,0.13828042480680677
1712268676.487524,-1.2452107005649142,0.4770326945516798,0.14248417483435735
1712268676.4885433,-1.1103667153252494,0.42868955267800224,0.1239176011747784
1712268676.4895623,-0.9261383612950642,0.3614295522371928,0.08363165789180331
1712268676.4905813,-0.6939265463087294,0.2955707576539781,0.04860039800405502
1712268676.4916005,-0.426690313551161,0.21044481131765577,0.03143508194221391
1712268676.4926195,-0.1370384626918369,0.08818571766217549,-0.009549623355269432
1712268676.4936388,0.16665574577119616,-0.020056944340467453,-0.05823354754183027
1712268676.4946578,0.46862519449657863,-0.14719554119639927,-0.10796820951832665
1712268676.495677,0.749225550227695,-0.29429803291956586,-0.17101213335990906
1712268676.496696,0.9877884387969971,-0.40392445193396675,-0.21864533424377441
1712268676.497715,1.1766069465213351,-0.47817617654800415,-0.24526387453079224
1712268676.4987342,1.3016684850056965,-0.540169378121694,-0.2739838924672868
1712268676.4997532,1.3615719477335613,-0.585701134469774,-0.31671368413501316
1712268676.5007725,1.361221604877048,-0.5758942498101128,-0.342631737391154
1712268676.5017915,1.3002672460344102,-0.5468240049150255,-0.3450834419992235
1712268676.5028107,1.1752057075500488,-0.4904347327020433,-0.3384288152058919
1712268676.5038297,0.9895400206247965,-0.3699507647090488,-0.3020034233729045
1712268676.504849,0.7586840126249526,-0.24736533562342325,-0.2561214400662316
1712268676.505868,0.48789239592022365,-0.13073407113552094,-0.2158433695634206
1712268676.506887,0.18872544169425964,-0.00849889125674963,-0.165408237112893
1712268676.5079062,-0.11602381865183511,0.1337263567580117,-0.09465893109639485
1712268676.5089252,-0.41898492309782237,0.24792826837963527,-0.004295962345268991
1712268676.5099444,-0.6970787048339844,0.34076111184226143,0.05700790219836765
1712268676.5109634,-0.9345442056655884,0.4332436124483744,0.11621072888374329
1712268676.5119827,-1.1173715856340196,0.46372082498338485,0.16105074021551344
1712268676.5130017,-1.2427589628431532,0.462319552898407,0.18066825138198003
1712268676.5140207,-1.3110566139221191,0.47212832503848606,0.20273793074819776
1712268676.51504,-1.3229648272196453,0.462319552898407,0.2174510724014706
1712268676.516059,-1.2826867898305256,0.4216832915941874,0.20448949601915148
1712268676.5170782,-1.1909227901034884,0.3705376717779371,0.15334385964605543
1712268676.5180972,-1.0431198279062908,0.32709889941745335,0.11060572332806057
1712268676.5191164,-0.8497851424747043,0.25248232815000743,0.06261290361483891
1712268676.5201354,-0.6144211027357314,0.17961730559666952,0.007263512557579411
1712268676.5211546,-0.3429819809065925,0.12566916644573212,-0.035817929440074496
1712268676.5221736,-0.04387354271279441,0.030033830553293228,-0.0866033136844635
1712268676.5231926,0.26018920871946544,-0.08485209610727099,-0.1489467587735918
1712268676.524212,0.5632095866733127,-0.18607263763745627,-0.2021838559044732
1712268676.525231,0.8431093560324775,-0.266278518570794,-0.22214776939815944
1712268676.5262501,1.0739653640323215,-0.3625956508848402,-0.2431624134381612
1712268676.5272691,1.2484210067325168,-0.426690313551161,-0.266979005601671
1712268676.5282884,1.3619222905900743,-0.467668871084849,-0.27573511004447937
1712268676.5293074,1.4064119921790228,-0.5212561951743232,-0.2890443801879883
1712268676.5303266,1.3815397686428494,-0.5377176735136244,-0.2967497706413269
1712268676.5313456,1.2866050667232938,-0.504794716835022,-0.2746843794981639
1712268676.5323646,1.1286140812767875,-0.45120739274554783,-0.24876632624202305
1712268676.5333838,0.9107196993298,-0.38676248656378853,-0.23475655251079136
1712268676.5344028,0.648685892422994,-0.2830902404255337,-0.22565020455254448
1712268676.535422,0.3523213995827569,-0.15805310673183864,-0.18782385521464878
1712268676.536441,0.032836331261528864,-0.04142183396551344,-0.14999748931990728
1712268676.5374603,-0.28729316261079574,0.11551010111967722,-0.09641014867358737
1712268676.5384793,-0.584650370809767,0.2682463990317451,-0.030564266360468335
1712268676.5394983,-0.8455822202894423,0.36703454123602974,0.021276016616159014
1712268676.5405176,-1.052226225535075,0.4469058248731825,0.06156196196873982
1712268676.5415366,-1.1993287669287787,0.5159174071417915,0.10920447607835133
1712268676.5425558,-1.2854887379540336,0.5537511573897468,0.17296137081252203
1712268676.5435748,-1.318061484230889,0.5488467878765529,0.20483980576197305
1712268676.544594,-1.2935443719228108,0.5372864670223659,0.21780138214429218
1712268676.545613,-1.2168408764733207,0.49559927648968166,0.21710074610180324
1712268676.5466323,-1.0918037758933172,0.40101485119925606,0.190126680665546
1712268676.5476513,-0.9226359261406792,0.31658954090542263,0.15089167488945854
1712268676.5486703,-0.7152914338641696,0.23566732803980509,0.1158604191409217
1712268676.5496895,-0.4753742284244961,0.12812135948075187,0.0668166536423895
1712268676.5507085,-0.206386794646581,-0.00044327766065382294,-0.02075743344095018
1712268676.5517278,0.08538322316275702,-0.10166380968358782,-0.1027145485083262
1712268676.5527468,0.3834992316034105,-0.21409215198622808,-0.166809211174647
1712268676.553766,0.6658511691623263,-0.31741417116589016,-0.23370582196447584
1712268676.554785,0.9149234162436591,-0.36784930361641777,-0.27783658769395614
1712268676.555804,1.1240600215064154,-0.41513224442799884,-0.30830780665079754
1712268676.5568233,1.2750448120964897,-0.4652171664767795,-0.342631737391154
1712268676.5578423,1.364724768532647,-0.4883332716094123,-0.36364638143115574
1712268676.5588615,1.39134857389662,-0.46801911460028756,-0.34893612066904706
1712268676.5598805,1.345107290479872,-0.44455276595221627,-0.310759511258867
1712268676.5608997,1.2319563494788275,-0.4007722602950202,-0.2816892663637797
1712268676.5619187,1.0627553198072646,-0.3237185544437832,-0.23685801360342237
1712268676.562938,0.8371540572908189,-0.26487754450904,-0.19552922911114162
1712268676.563957,0.5660120646158854,-0.20008239481184217,-0.15875359376271567
1712268676.564976,0.25633576843473643,-0.09045600063270992,-0.10131356616814931
1712268676.5659952,-0.06944135659270816,0.020925702734125983,-0.043523299197355904
1712268676.5670142,-0.3948180874188741,0.1239176011747784,0.00025726080315911933
1712268676.5680335,-0.6928757826487223,0.21815169188711378,0.017422578401035733
1712268676.5690525,-0.9436505370669894,0.3253473507033454,0.04754946049716737
1712268676.5700717,-1.140837934282091,0.38770298163096106,0.07627509534358978
1712268676.5710907,-1.2753317091200087,0.4535617431004842,0.09939572049511804
1712268676.57211,-1.3457307550642226,0.5194205045700073,0.13232510950830248
1712268676.573129,-1.3520350721147325,0.5341336462232802,0.14598730537626478
1712268676.574148,-1.299498478571574,0.5148664447996352,0.14423574010531107
1712268676.5751672,-1.1930243174235027,0.49034456411997474,0.1337263567580117
1712268676.5761862,-1.0375159316592746,0.4507592651579115,0.14143322904904684
1712268676.5772054,-0.8410290214750502,0.36423203017976546,0.1302232344945272
1712268676.5782244,-0.6060152583652072,0.27455202407307094,0.09834478298823038
1712268676.5792437,-0.33702780803044635,0.1701588597562578,0.05700790219836765
1712268676.5802627,-0.041071590450074934,0.01847351590792338,-0.0011437657910088699
1712268676.5812817,0.2573866976632012,-0.125130166610082,-0.06663940432998869
1712268676.582301,0.5488467878765529,-0.24386290046903822,-0.11497308810551961
1712268676.58332,0.8091290129555596,-0.35173806879255504,-0.1664589676592085
1712268676.5843391,1.0273737377590604,-0.4596132371160719,-0.22985314329465228
1712268676.5853581,1.1993772453731961,-0.5226571692360772,-0.2985009882185194
1712268676.5863774,1.31427976820204,-0.5534786648220485,-0.3338756163914998
1712268676.5873964,1.3640242152743869,-0.5706406301922268,-0.3618951638539632
1712268676.5884156,1.3489606645372179,-0.5254591173595852,-0.36469711197747123
1712268676.5894346,1.2687391704983182,-0.4519078797764248,-0.3429819809065925
1712268676.5904536,1.1310663488176134,-0.388513704140981,-0.3251195285055372
1712268676.5914729,0.9383944008085463,-0.30830780665079754,-0.2985009882185194
1712268676.5924919,0.7036849525239732,-0.19587947262658012,-0.24631460507710773
1712268676.593511,0.425887041621738,-0.0743447740872701,-0.1643575065665775
1712268676.59453,0.11901323166158465,0.030734456247753568,-0.09746088749832577
1712268676.5955493,-0.19342775146166483,0.15684699018796286,-0.03021402284502983
1712268676.5965683,-0.4942874113718668,0.2538835671212938,0.030734456247753568
1712268676.5975873,-0.7671275403764513,0.30292732848061454,0.07312228282292683
1712268676.5986066,-0.9982885917027791,0.36703454123602974,0.11761197613345252
1712268676.5996256,-1.1755120754241943,0.4181801941659715,0.1599997944302029
1712268676.6006448,-1.2935443719228108,0.43744736247592503,0.182419800096088
1712268676.6016638,-1.3520350721147325,0.4349951942761739,0.16910793052779302
1712268676.602683,-1.3453805446624756,0.4395492540465461,0.15124198463228014
1712268676.603702,-1.2795346313052707,0.4164286123381721,0.1361785415146086
1712268676.6047213,-1.1643042829301622,0.37614266077677405,0.10605166355768839
1712268676.6057403,-0.9979383813010322,0.3561748398674859,0.08328134814898173
1712268676.6067593,-0.7853402031792535,0.30292732848061454,0.05245383828878403
1712268676.6077785,-0.5324640207820468,0.20869324604670206,0.0006075733755197789
1712268676.6087976,-0.24526387453079224,0.10990510384241739,-0.056132082309987806
1712268676.6098168,0.06401415086454815,0.021976642310619354,-0.09255747000376384
1712268676.6108358,0.37369049257702297,-0.09290771351920234,-0.11672430568271212
1712268676.611855,0.6662015120188395,-0.21023947331640455,-0.16120529837078518
1712268676.612874,0.9254327747556899,-0.30060244931115043,-0.19447848200798035
1712268676.6138933,1.1384228865305583,-0.4102288352118598,-0.23230484790272182
1712268676.6149123,1.2943119472927518,-0.5051449603504604,-0.2704814573129018
1712268676.6159313,1.3790876335567899,-0.5443723003069559,-0.2799380487865872
1712268676.6169505,1.394851737552219,-0.5566308233473036,-0.28133902284834117
1712268676.6179695,1.3416041268242729,-0.5517274472448561,-0.2841409709718492
1712268676.6189888,1.2235487831963432,-0.5170532729890611,-0.30095269282658893
1712268676.6200078,1.0539975431230333,-0.4350961579216851,-0.2914960847960578
1712268676.621027,0.8311986923217773,-0.35033709473080105,-0.26767949263254803
1712268676.622046,0.5632095866733127,-0.22284825642903644,-0.23475655251079136
1712268676.623065,0.26474326848983765,-0.056482329964637756,-0.1787175072564019
1712268676.6240842,-0.05017793426911036,0.07907758984300825,-0.12337894075446658
1712268676.6251032,-0.3580424520704481,0.193980120950275,-0.07749697400463952
1712268676.6261225,-0.6413898865381876,0.31553857856326634,-0.02425987480415238
1712268676.6271415,-0.8827080991533067,0.42448580265045166,0.057708525823222265
1712268676.6281607,-1.080595983399285,0.4836886458926731,0.12426791919602288
1712268676.6291797,-1.218942403793335,0.5260764559110006,0.16945824027061462
1712268676.630199,-1.2952955563863118,0.5460442768202888,0.20834293630388048
1712268676.631218,-1.315609746509128,0.5040067765447829,0.2174510724014706
1712268676.632237,-1.2844379742940266,0.4553133249282837,0.21289699607425266
1712268676.6332562,-1.2000291877322726,0.4146770636240641,0.20869324604670206
1712268676.6342752,-1.071489651997884,0.3547736008961995,0.18662355012363857
1712268676.6352944,-0.8988193008634779,0.26018920871946544,0.1302232344945272
1712268676.6363134,-0.6792162524329292,0.17821605006853738,0.053154461913638644
1712268676.6373327,-0.4203858971595764,0.08923665516906314,-0.009549623355269432
1712268676.6383517,-0.13318577574359045,-0.019006213794151943,-0.08099940915902455
1712268676.639371,0.1659551097287072,-0.09746088749832577,-0.1370384626918369
1712268676.64039,0.46442144446902806,-0.17136237687534756,-0.18502190709114075
1712268676.641409,0.7443212138281928,-0.2690804832511478,-0.2428121699227227
1712268676.6424282,0.9905909167395698,-0.35454001691606307,-0.2911458412806193
1712268676.6434472,1.1902691258324516,-0.4084776176346673,-0.3160131639904446
1712268676.6444664,1.3279419475131564,-0.4435020354059007,-0.306556589073605
1712268676.6454854,1.395201947953966,-0.47852642006344265,-0.30340439743465847
1712268676.6465046,1.3941510518391926,-0.46942008866204155,-0.2921965718269348
1712268676.6475236,1.3261903656853569,-0.4599634806315104,-0.2750346230136024
1712268676.6485426,1.194823185602824,-0.4522581232918633,-0.25857316123114693
1712268676.649562,1.0018009609646268,-0.38991467820273507,-0.2263506915834215
1712268676.650581,0.7537796099980671,-0.29990196228027344,-0.1787175072564019
1712268676.6516001,0.4609183139271206,-0.20008239481184217,-0.13668821917639837
1712268676.6526191,0.13898104429244995,-0.09535941812727186,-0.11777503622902764
1712268676.6536384,-0.18607263763745627,0.04019289794895384,-0.08940527008639441
1712268676.6546574,-0.4981400900416904,0.16035012072987026,-0.045274516774548426
1712268676.6556766,-0.7797363069322374,0.2689470185173882,-0.007448159158229828
1712268676.6566956,-1.0129988855785794,0.39716141091452706,0.04439664797650443
1712268676.6577146,-1.1842682626512315,0.4819370640648736,0.09309009545379214
1712268676.6587338,-1.2945951355828178,0.5180192655987209,0.11515979137685564
1712268676.6597528,-1.3397766484154594,0.5365858475367228,0.13302572899394566
1712268676.660772,-1.3219141960144043,0.5537511573897468,0.16525449024306402
1712268676.661791,-1.2550175189971924,0.5215223961406283,0.1922285556793213
1712268676.6628103,-1.141538487540351,0.4693258139822218,0.18662355012363857
1712268676.6638293,-0.9793754418690999,0.4104733135965135,0.1715601152843899
1712268676.6648483,-0.7730817132525973,0.3011757797665066,0.13057354423734877
1712268676.6658676,-0.5321137772666084,0.17261106106970045,0.07277196480168237
1712268676.6668866,-0.26382681396272445,0.062262589732805886,0.027231329845057592
1712268676.6679058,0.023027579817507002,-0.057182816995514765,-0.02250865308774842
1712268676.6689248,0.3127361006206936,-0.18432142006026372,-0.09045600063270992
1712268676.669944,0.5943873855802748,-0.30445512798097396,-0.17696628967920938
1712268676.670963,0.8553702963723077,-0.388513704140981,-0.23965997828377616
1712268676.6719823,1.0725641250610352,-0.47397325436274207,-0.2939477894041273
1712268676.6730013,1.2365104092491996,-0.5093479156494141,-0.3328248858451843
1712268676.6740203,1.3363495137956407,-0.4981400900416904,-0.343332224422031
1712268676.6750395,1.3720813062455919,-0.4946376548873054,-0.35173806879255504
1712268676.6760585,1.3468588723076713,-0.4767752024862501,-0.3573419650395711
1712268676.6770778,1.2596310509575737,-0.4200356536441379,-0.343332224422031
1712268676.6780968,1.1114487383100722,-0.3335253728760613,-0.29044535424974227
1712268676.679116,0.9026624759038289,-0.25752241412798565,-0.2305536303255293
1712268676.680135,0.6465839677386813,-0.15630188915464613,-0.17556531561745536
1712268676.6811543,0.3547736008961995,-0.045274516774548426,-0.11322187052832709
1712268676.6821733,0.04124383545584149,0.030033830553293228,-0.061035499804549746
1712268676.6831923,-0.2802882923020257,0.11691135664780934,-0.012701820168230269
1712268676.6842115,-0.582198699315389,0.22445731692843968,0.04930102162890964
1712268676.6852305,-0.8536377880308363,0.30748138825098675,0.10149759550889333
1712268676.6862497,-1.0770935482449002,0.35862704118092853,0.12146541641818152
1712268676.6872687,-1.2364546457926433,0.4146770636240641,0.1239176011747784
1712268676.688288,-1.3275180922614203,0.45216050412919784,0.1400319900777605
1712268676.689307,-1.3604410489400227,0.4588164554701911,0.1400319900777605
1712268676.690326,-1.3317210144466824,0.47913455300860935,0.1400319900777605
1712268676.6913452,-1.2438097265031602,0.4826376835505167,0.14038229982058206
1712268676.6923642,-1.1079150438308716,0.4398995637893677,0.11410885386996798
1712268676.6933835,-0.9240369002024332,0.37369049257702297,0.07557446757952373
1712268676.6944025,-0.6932260592778524,0.30818204085032147,0.0440463340944714
1712268676.6954217,-0.42739080058203804,0.21885231137275696,0.02863258123397827
1712268676.6964407,-0.1398404108153449,0.09554228848881191,-0.014102796299590005
1712268676.69746,0.1642035444577535,-0.01375255174934864,-0.05893403457270728
1712268676.698479,0.46652330292595756,-0.14929700228903028,-0.10936918358008066
1712268676.699498,0.7481746541129218,-0.302353666888343,-0.16750969820552403
1712268676.7005172,0.9902406401104397,-0.4091781046655443,-0.21058971683184305
1712268676.7015362,1.1773074997795951,-0.4893840021557278,-0.24001022179921466
1712268676.7025554,1.3020188278622098,-0.5527781777911716,-0.27293316192097133
1712268676.7035744,1.3640242152743869,-0.5920055177476671,-0.31671368413501316
1712268676.7045937,1.3654254542456732,-0.5758942498101128,-0.34158100684483844
1712268676.7056127,1.3020188278622098,-0.5450727873378329,-0.342631737391154
1712268676.7066317,1.1752057075500488,-0.4816786117023892,-0.33527659045325386
1712268676.707651,0.9916418790817261,-0.3597937027613322,-0.3013029363420274
1712268676.70867,0.7593846321105957,-0.23790876070658365,-0.2568219270971086
1712268676.7096891,0.48789239592022365,-0.12828235824902853,-0.2172443601820204
1712268676.7107081,0.18907575143708122,-0.0014940098238488038,-0.17101213335990906
1712268676.7117274,-0.11847553153832753,0.14213386509153578,-0.09255747000376384
1712268676.7127464,-0.4207361406750149,0.25213201840718585,-0.00849889125674963
1712268676.7137656,-0.6995304425557455,0.3470667203267415,0.054555713302559324
1712268676.7147846,-0.9369958771599664,0.4293901721636454,0.11831260389751858
1712268676.7158036,-1.1184223492940266,0.4563642541567484,0.15684699018796286
1712268676.7168229,-1.2480126486884222,0.458466112613678,0.17926699585384792
1712268676.7178419,-1.316310167312622,0.46687361266877914,0.20238762100537616
1712268676.718861,-1.3268175390031602,0.4616189334127638,0.2174510724014706
1712268676.71988,-1.2889912393358018,0.4202820526229011,0.20308825704786512
1712268676.7208993,-1.1954760551452637,0.3722892204920451,0.15334385964605543
1712268676.7219183,-1.0473228163189359,0.3267485896746318,0.11551010111967722
1712268676.7229376,-0.8525870905982124,0.24652701285150316,0.06471477862861422
1712268676.7239566,-0.6172230508592393,0.18452167510986328,0.009715700935986307
1712268676.7249756,-0.3464844160609775,0.12707042197386423,-0.03091451194551256
1712268676.7259948,-0.04632525146007538,0.026530704150597252,-0.08730380899376339
1712268676.7270138,0.26264139347606236,-0.08695356547832489,-0.1527994540002611
1712268676.728033,0.5660120646158854,-0.18607263763745627,-0.20743752519289652
1712268676.729052,0.8448609378602769,-0.2704814573129018,-0.22775168220202127
1712268676.7300713,1.0746659835179646,-0.3660980860392253,-0.25016730030377704
1712268676.7310903,1.249822245703803,-0.42914201815923053,-0.2739838924672868
1712268676.7321093,1.3622726334465873,-0.46942008866204155,-0.2841409709718492
1712268676.7331285,1.4060616493225098,-0.5282610985967848,-0.29499851995044285
1712268676.7341475,1.3787372907002766,-0.5419205956988864,-0.2967497706413269
1712268676.7351668,1.2848534848954942,-0.5075966980722215,-0.27188243137465584
1712268676.7361858,1.1237096786499023,-0.4596132371160719,-0.2421116828918457
1712268676.737205,0.9082674980163574,-0.3951683309343126,-0.22985314329465228
1712268676.738224,0.6472845872243246,-0.2893946237034268,-0.2179448472128974
1712268676.7392433,0.35267170932557845,-0.164707750082016,-0.1780170202255249
1712268676.7402623,0.036339457664224833,-0.042822808027267456,-0.14019065433078343
1712268676.7412813,-0.2830902404255337,0.11515979137685564,-0.08905502657095592
1712268676.7423005,-0.5818484226862589,0.26474326848983765,-0.027412070582310356
1712268676.7433195,-0.8413792981041802,0.3694867425494724,0.017422578401035733
1712268676.7443388,-1.0504749748441908,0.44795675410164726,0.05385508553849326
1712268676.7453578,-1.1965268188052707,0.5236242545975579,0.1018479135301378
1712268676.746377,-1.2858389483557806,0.5607573853598701,0.16700605551401773
1712268676.747396,-1.3194624582926433,0.5555027061038547,0.1950310667355855
1712268676.748415,-1.2956457667880588,0.5470952060487535,0.21289699607425266
1712268676.7494342,-1.218942403793335,0.49174583620495266,0.2135976321167416
1712268676.7504532,-1.0942555136150784,0.39646079142888385,0.186273240380817
1712268676.7514725,-0.9278895457585652,0.31518826882044476,0.15684699018796286
1712268676.7524915,-0.7194943560494317,0.22725981142785814,0.12426791919602288
1712268676.7535107,-0.47817617654800415,0.11901323166158465,0.06926884253819783
1712268676.7545297,-0.20673703816201952,-0.005346694443788793,-0.016204260496629607
1712268676.755549,0.08678447041246626,-0.10166380968358782,-0.09395844406551784
1712268676.756568,0.38384954134623206,-0.2179448472128974,-0.16015456782446966
1712268676.757587,0.6676027509901259,-0.31251072883605957,-0.22775168220202127
1712268676.7586062,0.9205284383561876,-0.35874297221501666,-0.2711819443437788
1712268676.7596252,1.1272128423055012,-0.40567566951115924,-0.30410488446553546
1712268676.7606444,1.2774969471825492,-0.4575117760234409,-0.33982978926764595
1712268676.7616634,1.368578275044759,-0.4764249589708116,-0.35874297221501666
1712268676.7626827,1.39134857389662,-0.4585625065697564,-0.34193125036027694
1712268676.7637017,1.345107290479872,-0.44140054119957817,-0.3062063455581665
1712268676.764721,1.2326569027370877,-0.4014727473258972,-0.2788873182402717
1712268676.76574,1.0617044236924913,-0.32687074608272976,-0.23370582196447584
1712268676.766759,0.8378546767764621,-0.27328340543640983,-0.19552922911114162
1712268676.7677782,0.5649611685011122,-0.2060365511311425,-0.15700237618552312
1712268676.7687972,0.2577370074060228,-0.09535941812727186,-0.10201405319902632
1712268676.7698164,-0.06804038253095415,0.01882382772035069,-0.042822808027267456
1712268676.7708354,-0.3958688179651896,0.11480947335561116,-0.0018442538566887379
1712268676.7718546,-0.6963782178031074,0.21815169188711378,0.015320702352457576
1712268676.7728736,-0.9485539462831285,0.32324545913272434,0.051402900781896375
1712268676.7738926,-1.143289672003852,0.38945453034506905,0.07907758984300825
1712268676.7749119,-1.2781336572435167,0.4588164554701911,0.10465041630797915
1712268676.775931,-1.3450302018059623,0.5222230156262716,0.13933135403527153
1712268676.7769501,-1.3509844409094915,0.5327324072519938,0.15124198463228014
1712268676.7779691,-1.303000979953342,0.5131148960855272,0.14458604984813267
1712268676.7789884,-1.1972272396087646,0.48614081409242416,0.13512760400772095
1712268676.7800074,-1.0382164186901517,0.45005861255857676,0.14283448457717896
1712268676.7810266,-0.8441812462276882,0.36423203017976546,0.12707042197386423
1712268676.7820456,-0.6081167194578383,0.2756029533015357,0.08958697319030762
1712268676.7830646,-0.3384288152058919,0.16560479998588562,0.04544758548339208
1712268676.7840838,-0.045975007944636874,0.007613825404809581,-0.016204260496629607
1712268676.7851028,0.25213201840718585,-0.12968334058920541,-0.07924819158183204
1712268676.786122,0.5400889449649386,-0.2445633874999152,-0.12337894075446658
1712268676.787141,0.8021227518717448,-0.35909321573045516,-0.17171262039078605
1712268676.7881603,1.0210681623882718,-0.465567409992218,-0.23790876070658365
1712268676.7891793,1.1972753206888835,-0.5251088738441467,-0.29990196228027344
1712268676.7901983,1.3128785292307537,-0.5601333247290717,-0.3286219636599223
1712268676.7912176,1.364724768532647,-0.5772952238718668,-0.3524385558234321
1712268676.7922366,1.3496613502502441,-0.5265098479059007,-0.3527887993388706
1712268676.7932558,1.2739937835269504,-0.4582122630543179,-0.33562683396869236
1712268676.7942748,1.1363209618462455,-0.3948180874188741,-0.3209166063202752
1712268676.795294,0.9432987372080485,-0.3111097547743055,-0.2963995271258884
1712268676.796313,0.7057868109809028,-0.18782385521464878,-0.24526387453079224
1712268676.7973323,0.42763862344953746,-0.06874086956183116,-0.164707750082016
1712268676.7983513,0.12041447891129388,0.041944459080696106,-0.09991259210639529
1712268676.7993703,-0.19447848200798035,0.16700605551401773,-0.034767194754547544
1712268676.8003895,-0.49743960301081336,0.2577370074060228,0.026530704150597252
1712268676.8014085,-0.7702797651290894,0.3099335895644294,0.06961915228101942
1712268676.8024278,-1.0017910930845473,0.3733401828342014,0.11726166639063093
1712268676.8034468,-1.1762126286824544,0.4213329818513658,0.16455387075742087
1712268676.804466,-1.2938945823245578,0.4420014222462972,0.18942606117990282
1712268676.805485,-1.3516848617129855,0.43639643324746025,0.1761141750547621
1712268676.8065042,-1.3425785965389676,0.44130080276065403,0.1621016694439782
1712268676.8075233,-1.2798848417070177,0.4104733135965135,0.14843949013286167
1712268676.8085423,-1.1625530984666612,0.3796457913186815,0.12041447891129388
1712268676.8095615,-0.9954866435792711,0.3656333022647434,0.0979944732454088
1712268676.8105805,-0.7797363069322374,0.30958327982160777,0.0629632133576605
1712268676.8115997,-0.5275606115659078,0.21675043635898167,0.005862262203461594
1712268676.8126187,-0.24141119586096868,0.12111510667535993,-0.05192915598551432
1712268676.813638,0.06611602587832345,0.03143508194221391,-0.08520233962270948
1712268676.814657,0.3733401828342014,-0.0880042960246404,-0.1142726010746426
1712268676.815676,0.6655008925331963,-0.20253409941991168,-0.15840335024727714
1712268676.8166952,0.9275346994400024,-0.2971000141567654,-0.1923770209153493
1712268676.8177142,1.141225364473131,-0.41338102685080635,-0.23265509141816032
1712268676.8187335,1.2929107083214653,-0.506545967525906,-0.2704814573129018
1712268676.8197525,1.3783869478437636,-0.5454230308532715,-0.28098877933290267
1712268676.8207717,1.3923994700113933,-0.5608338117599487,-0.2802882923020257
1712268676.8217907,1.3409035735660129,-0.5625849962234497,-0.28694291909535724
1712268676.82281,1.225650707880656,-0.5223069257206386,-0.30445512798097396
1712268676.823829,1.0575006405512493,-0.44140054119957817,-0.29079559776518077
1712268676.824848,0.8322496546639336,-0.3538395298851861,-0.26767949263254803
1712268676.8258672,0.5618083477020264,-0.22039655182096693,-0.2302033868100908
1712268676.8268862,0.2619407574335734,-0.06068525628911124,-0.17101213335990906
1712268676.8279054,-0.049127203722794846,0.07557446757952373,-0.11987650560008155
1712268676.8289244,-0.3597937027613322,0.19468074043591815,-0.0739945305718316
1712268676.8299437,-0.6441919008890787,0.3130864103635152,-0.020407189925511677
1712268676.8309627,-0.8858602576785617,0.4241354929076301,0.06016071471903059
1712268676.831982,-1.080595983399285,0.4770326945516798,0.12076478865411547
1712268676.833001,-1.219642824596829,0.5295795864529079,0.1638532347149319
1712268676.83402,-1.297747294108073,0.5407895975642734,0.20028574599160087
1712268676.8350391,-1.318761905034383,0.49594958623250324,0.2058907515472836
1712268676.8360581,-1.2889912393358018,0.4553133249282837,0.20098638203408983
1712268676.8370774,-1.2049326631757948,0.4132757915390862,0.19923481676313612
1712268676.8380964,-1.0749920871522691,0.3484679592980279,0.17681481109725103
1712268676.8391156,-0.90337249967787,0.26053951846228707,0.11936354140440622
1712268676.8401346,-0.6834191746181911,0.17926699585384792,0.04825008412202199
1712268676.8411536,-0.42388836542765296,0.08573353290557861,-0.008148647223909697
1712268676.8421729,-0.13808919323815239,-0.023559385703669652,-0.07679648697376251
1712268676.8431919,0.16245199574364555,-0.09535941812727186,-0.12863260176446703
1712268676.844211,0.4640711347262064,-0.17311359445254007,-0.17381409804026285
1712268676.84523,0.7467734151416354,-0.27363364895184833,-0.23195460438728333
1712268676.8462493,0.9979475206798977,-0.35874297221501666,-0.28484145800272626
1712268676.8472683,1.1969251102871366,-0.40637615654203624,-0.30970878071255153
1712268676.8482876,1.3310947683122423,-0.44490300946765476,-0.3055058585272895
1712268676.8493066,1.395201947953966,-0.47362301084730357,-0.30900829368167454
1712268676.8503256,1.3962529765235052,-0.4599634806315104,-0.2974502576722039
1712268676.8513448,1.3282922903696697,-0.4536590973536173,-0.28098877933290267
1712268676.8523638,1.1979760064019096,-0.4399995671378242,-0.2673292491171095
1712268676.853383,1.0011003414789836,-0.3759049044715034,-0.23265509141816032
1712268676.854402,0.7513274749120076,-0.28589218854904175,-0.18151945537990993
1712268676.8554213,0.45671456389957005,-0.1923770209153493,-0.13668821917639837
1712268676.8564403,0.13652885953585306,-0.09080624414814843,-0.11532333162095812
1712268676.8574593,-0.18887458576096428,0.0461482091082467,-0.07889794806639354
1712268676.8584785,-0.4977898465262519,0.15474511517418754,-0.035817929440074496
1712268676.8594975,-0.7776348458396064,0.2713992032739851,0.002709448906696505
1712268676.8605168,-1.0122983985477023,0.3996136122279697,0.05700790219836765
1712268676.8615358,-1.1818165249294705,0.48333833614985144,0.10009634825918409
1712268676.862555,-1.2903922133975558,0.5222230156262716,0.12251635392506917
1712268676.863574,-1.3355735937754314,0.5474455157915751,0.13828042480680677
1712268676.8645933,-1.31981266869439,0.5621586243311564,0.16945824027061462
1712268676.8656123,-1.2543169657389324,0.5316814449098375,0.19047699040836757
1712268676.8666313,-1.139787170622084,0.481586754322052,0.1817191806104448
1712268676.8676505,-0.9776241911782159,0.4223839441935221,0.16630543602837455
1712268676.8686695,-0.7737822002834743,0.3032776382234361,0.12742073171668583
1712268676.8696887,-0.5338649948438009,0.17506324582629734,0.07102040780915155
1712268676.8707078,-0.26487754450904,0.0650650883714358,0.025129454831282295
1712268676.871727,0.021976642310619354,-0.05998476925823423,-0.02496036183502939
1712268676.872746,0.3134367201063368,-0.19693020317289564,-0.09676039218902588
1712268676.8737652,0.595088005065918,-0.31321121586693657,-0.18432142006026372
1712268676.8747842,0.8571218782001071,-0.4007722602950202,-0.2431624134381612
1712268676.8758032,1.0725641250610352,-0.48342982927958167,-0.2967497706413269
1712268676.8768225,1.234408484564887,-0.510748889711168,-0.3307234247525533
1712268676.8778415,1.3349482748243544,-0.5023430122269524,-0.33947954575220746
1712268676.8788607,1.3745335737864177,-0.4977898465262519,-0.35173806879255504
1712268676.8798797,1.3461581865946453,-0.47887666357888115,-0.3552405039469401
1712268676.880899,1.260331604215834,-0.42248739136589897,-0.3373780846595764
1712268676.881918,1.1100475655661688,-0.34053027629852295,-0.28098877933290267
1712268676.882937,0.9002102745903863,-0.266278518570794,-0.2284521692328983
1712268676.8839562,0.6434311469395956,-0.15875359376271567,-0.17346383796797857
1712268676.8849752,0.35021954112582737,-0.055431595279110804,-0.11462284459008111
1712268676.8859944,0.03844133267800013,0.01847351590792338,-0.06733989550007714
1712268676.8870134,-0.2816892663637797,0.11551010111967722,-0.019006213794151943
1712268676.8880327,-0.5892035696241591,0.21885231137275696,0.041944459080696106
1712268676.8890517,-0.8595919609069824,0.30292732848061454,0.09063791069719526
1712268676.890071,-1.0837481419245403,0.3558245301246643,0.11060572332806057
1712268676.89109,-1.2406575679779053,0.41572799285252887,0.11831260389751858
1712268676.892109,-1.3334721989101834,0.45216050412919784,0.13863073454962835
1712268676.8931282,-1.3632429970635307,0.45671456389957005,0.14073260956340367
1712268676.8941472,-1.3341726197136772,0.4847395751211378,0.1477388540903727
1712268676.8951664,-1.2462614642249212,0.4847395751211378,0.15194260411792332
1712268676.8961854,-1.1096662282943726,0.4356958137618171,0.12882197896639505
1712268676.8972046,-0.9254378742641872,0.3677351607216729,0.08923665516906314
1712268676.8982236,-0.6942767567104763,0.3050292200512356,0.06051102446185218
1712268676.8992426,-0.42739080058203804,0.21184606684578788,0.040543207691775426
1712268676.9002619,-0.13808919323815239,0.09133853018283844,-0.008148647223909697
1712268676.9012809,0.16665574577119616,-0.014453039815028507,-0.055431595279110804
1712268676.9023001,0.4696761237250434,-0.15209895041253832,-0.11112040115727319
1712268676.9033191,0.7495758930842081,-0.30375464095009697,-0.17416434155570135
1712268676.9043384,0.9902406401104397,-0.4074268870883518,-0.2196960647900899
1712268676.9053574,1.1776578426361084,-0.4858815670013428,-0.24806583921114603
1712268676.9063766,1.3020188278622098,-0.5492757426367866,-0.27748632762167186
1712268676.9073956,1.360521051618788,-0.5892035696241591,-0.32301806741290623
1712268676.9084146,1.3622726334465873,-0.5758942498101128,-0.34088051981396145
1712268676.9094338,1.298866007063124,-0.5510269602139791,-0.33982978926764595
1712268676.9104528,1.1752057075500488,-0.4858815670013428,-0.3293224506907993
1712268676.911472,0.991291602452596,-0.36364638143115574,-0.2925468153423733
1712268676.912491,0.7611362139383951,-0.24666484859254625,-0.24841608272658453
1712268676.9135103,0.48894332514868843,-0.13388626277446747,-0.20953898628552753
1712268676.9145293,0.19257886542214286,-0.007798403191069761,-0.1629565159479777
1712268676.9155486,-0.1128716187344657,0.13652885953585306,-0.08590282665358649
1712268676.9165676,-0.4182844360669454,0.24687732259432474,-0.0070979151253898936
1712268676.9175866,-0.6977791918648614,0.348818302154541,0.05210352440675099
1712268676.9186058,-0.9359451797273424,0.4384983248180813,0.11340822610590193
1712268676.9196248,-1.1201735337575276,0.4612686236699422,0.15334385964605543
1712268676.920644,-1.2497638331519232,0.46757426526811385,0.17331168055534363
1712268676.921663,-1.3191122478908963,0.4770326945516798,0.20098638203408983
1712268676.9226823,-1.3310204611884222,0.4654723736974928,0.21429825160238478
1712268676.9237013,-1.2938945823245578,0.42063236236572266,0.1974832514921824
1712268676.9247203,-1.1979277928670247,0.37719359000523883,0.15124198463228014
1712268676.9257395,-1.0476730267206829,0.3306020299593608,0.11656103862656488
1712268676.9267585,-0.8508358399073283,0.25073076287905377,0.0671669633852111
1712268676.9277778,-0.6137206157048544,0.18697387642330593,0.017072265553805564
1712268676.9287968,-0.34053027629852295,0.13092385398017034,-0.023909629219108157
1712268676.929816,-0.04247256451182895,0.027581643727090623,-0.08169990446832445
1712268676.930835,0.2654438879754808,-0.08520233962270948,-0.14509408010376823
1712268676.9318542,0.5695152282714844,-0.18151945537990993,-0.19622971614201862
1712268676.9328732,0.8462621768315632,-0.266278518570794,-0.2151428825325436
1712268676.9338923,1.0753666030036078,-0.3625956508848402,-0.2424619264072842
1712268676.9349115,1.2515738275316026,-0.4210863841904534,-0.26487754450904
1712268676.9359305,1.3643744256761339,-0.47362301084730357,-0.28098877933290267
1712268676.9369497,1.410615709092882,-0.5324640207820468,-0.2978005011876424
1712268676.9379687,1.3825907972123888,-0.540869865152571,-0.2981507447030809
1712268676.938988,1.2848534848954942,-0.5103986461957296,-0.2753848665290409
1712268676.940007,1.1244103643629286,-0.46031372414694893,-0.2519185178809696
1712268676.941026,0.9075668785307143,-0.39621906148062813,-0.24351265695359972
1712268676.9420452,0.6458833482530382,-0.2841409709718492,-0.22705119517114428
1712268676.9430642,0.3512704703542921,-0.1671594546900855,-0.18572239412201774
1712268676.9440835,0.03423758265044954,-0.04317305154270596,-0.1485965152581533
1712268676.9451025,-0.28484145800272626,0.1239176011747784,-0.08905502657095592
1712268676.9461217,-0.583599673377143,0.269997947745853,-0.02250865308774842
1712268676.9471407,-0.8431304825676812,0.3673848509788513,0.02267726593547397
1712268676.94816,-1.0518759489059448,0.44830706384446883,0.06401415086454815
1712268676.949179,-1.1982780032687717,0.5222230156262716,0.11726166639063093
1712268676.950198,-1.2875902652740479,0.556553668446011,0.17681481109725103
1712268676.9512172,-1.3229648272196453,0.5509486463334825,0.201687001519733
1712268676.9522362,-1.2966965304480658,0.5449933475918239,0.22060387664371067
1712268676.9532554,-1.221744351916843,0.48719174332088894,0.21499887108802795
1712268676.9542744,-1.0988086462020874,0.3968111011717054,0.1820694903532664
1712268676.9552937,-0.9310417705112033,0.3207932909329732,0.15019105540381536
1712268676.9563127,-0.7236972782346938,0.23741887675391302,0.1158604191409217
1712268676.957332,-0.4841303163104587,0.12216604418224758,0.05946008695496453
1712268676.958351,-0.2130414214399126,-9.303357930750483e-05,-0.028813046713670094
1712268676.95937,0.08223041064209408,-0.09991259210639529,-0.1006130791372723
1712268676.9603891,0.3796457913186815,-0.21654387315114337,-0.1643575065665775
1712268676.9614081,0.6633989678488837,-0.307257076104482,-0.22494971752166748
1712268676.9624274,0.9138725201288859,-0.3604941897922092,-0.26137510935465497
1712268676.9634464,1.1251109176211886,-0.41548248794343734,-0.29429803291956586
1712268676.9644656,1.2785478432973225,-0.46942008866204155,-0.3296726942062378
1712268676.9654846,1.3713807529873319,-0.4890337586402893,-0.34998685121536255
1712268676.9665036,1.395552290810479,-0.46801911460028756,-0.3300229377216763
1712268676.9675229,1.3486104541354709,-0.4522581232918633,-0.29955171876483494
1712268676.9685419,1.2372109625074599,-0.4035742084185282,-0.2753848665290409
1712268676.969561,1.064506901635064,-0.3307234247525533,-0.23475655251079136
1712268676.97058,0.8396061923768785,-0.2795878052711487,-0.19938190778096515
1712268676.9715993,0.5649611685011122,-0.2028843429353502,-0.1657584806283315
1712268676.9726183,0.25598545869191486,-0.08905502657095592,-0.10586674014727274
1712268676.9736376,-0.07469501760270861,0.020925702734125983,-0.04947744723823335
1712268676.9746566,-0.4007722602950202,0.11971385114722781,-0.012701820168230269
1712268676.9756756,-0.7002309295866225,0.22200513217184278,0.006913200227750672
1712268676.9766948,-0.9499549203448825,0.3239460786183675,0.04579789936542511
1712268676.9777138,-1.147842804590861,0.3852507803175184,0.07487383981545766
1712268676.978733,-1.2819863690270317,0.4588164554701911,0.10500072605080074
1712268676.979752,-1.3492331239912245,0.5204714669121636,0.14353510406282213
1712268676.9807713,-1.3530858357747395,0.5299298961957296,0.15334385964605543
1712268676.9817903,-1.300549242231581,0.5141658253139919,0.14808918039004007
1712268676.9828093,-1.1912731329600017,0.49174583620495266,0.14143322904904684
1712268676.9838285,-1.0361149575975206,0.4525108138720194,0.15054136514663696
1712268676.9848475,-0.8413792981041802,0.3677351607216729,0.1298729164732827
1712268676.9858668,-0.6060152583652072,0.28225888808568317,0.09449135098192427
1712268676.9868858,-0.33667756451500785,0.1677066749996609,0.0500016493929757
1712268676.987905,-0.04492427325910992,0.011467264137334293,-0.01375255174934864
1712268676.988924,0.2535332573784722,-0.1261808971563975,-0.07574574814902411
1712268676.9899433,0.5439423852496676,-0.24351265695359972,-0.12197796669271257
1712268676.9909623,0.8059761921564738,-0.3559409909778171,-0.17381409804026285
1712268676.9919813,1.0259724987877739,-0.4627654287550184,-0.2428121699227227
1712268676.9930005,1.2007784843444824,-0.5212561951743232,-0.3016531798574659
1712268676.9940195,1.3153306643168132,-0.5636357598834567,-0.3331751293606228
1712268676.9950387,1.3661260075039334,-0.5744932757483588,-0.3608444333076477
1712268676.9960577,1.3514129320780437,-0.5202054646280077,-0.3552405039469401
1712268676.997077,1.2739937835269504,-0.4536590973536173,-0.3335253728760613
1712268676.998096,1.1384228865305583,-0.389214191171858,-0.31741417116589016
1712268676.9991152,0.9471521774927775,-0.30340439743465847,-0.2886941366725498
1712268677.0001342,0.7106912136077881,-0.18817409873008728,-0.2305536303255293
1712268677.0011532,0.43044113450580174,-0.07154282596376207,-0.15209895041253832
1712268677.0021725,0.12251635392506917,0.036339457664224833,-0.08940527008639441
1712268677.0031915,-0.1906258033381568,0.16490418050024244,-0.02250865308774842
1712268677.0042107,-0.49358692434098983,0.24827857812245685,0.033536956955989204
1712268677.0052297,-0.7688787248399522,0.30187639925214976,0.07312228282292683
1712268677.006249,-1.0007403294245403,0.37018736203511554,0.12006416916847229
1712268677.007268,-1.1779638131459553,0.42273425393634373,0.16105074021551344
1712268677.008287,-1.299148268169827,0.43919894430372447,0.17716512084007263
1712268677.0093062,-1.3572887579600017,0.4416511125034756,0.161401049958335
1712268677.0103252,-1.3478321499294705,0.44900768333011204,0.15159229437510172
1712268677.0113444,-1.2823365794287787,0.4202820526229011,0.13652885953585306
1712268677.0123634,-1.1674564414554172,0.38840360111660427,0.11095604134930505
1712268677.0133827,-1.0017910930845473,0.3677351607216729,0.09554228848881191
1712268677.0144017,-0.7874416642718844,0.306430459022522,0.06156196196873982
1712268677.015421,-0.5331645078129238,0.21044481131765577,0.009715700935986307
1712268677.01644,-0.24141119586096868,0.11375853584872352,-0.04247256451182895
1712268677.017459,0.06751727726724413,0.02372820344236162,-0.07329404354095459
1712268677.0184782,0.3743911120626661,-0.09886186156007978,-0.10796820951832665
1712268677.0194972,0.6669021315044826,-0.21058971683184305,-0.15420042806201512
1712268677.0205164,0.9285855955547756,-0.30970878071255153,-0.1920267773999108
1712268677.0215354,1.1422762605879042,-0.42949226167466903,-0.23825900422202215
1712268677.0225546,1.2939616044362385,-0.5153020554118686,-0.27608535355991787
1712268677.0235736,1.376635366015964,-0.5506767166985406,-0.28764340612623424
1712268677.0245929,1.3899473349253337,-0.5622347858217027,-0.2911458412806193
1712268677.0256119,1.3345979319678412,-0.5622347858217027,-0.3016531798574659
1712268677.0266309,1.2210966481102836,-0.5188044905662537,-0.31636344061957467
1712268677.02765,1.0490931404961479,-0.4392990801069471,-0.2978005011876424
1712268677.028669,0.8252433935801188,-0.3552405039469401,-0.2743341359827253
1712268677.0296884,0.556553668446011,-0.2193458212746514,-0.2302033868100908
1712268677.0307074,0.25913826293415493,-0.05823354754183027,-0.16821018523640102
1712268677.0317266,-0.054731108248233795,0.07172102729479472,-0.11777503622902764
1712268677.0327456,-0.3604941897922092,0.19082731670803493,-0.07014184362358517
1712268677.0337646,-0.6406893995073106,0.3169398506482442,-0.00849889125674963
1712268677.0347838,-0.8851597706476847,0.4202820526229011,0.07417322032981448
1712268677.0358028,-1.082347167862786,0.4770326945516798,0.1316244817442364
1712268677.036822,-1.22209456231859,0.5271273851394653,0.17646448479758367
1712268677.037841,-1.295996109644572,0.5393883254792955,0.2076423168182373
1712268677.0388603,-1.3191122478908963,0.4962998959753248,0.21079512106047735
1712268677.0398793,-1.2875902652740479,0.4609183139271206,0.20624106129010517
1712268677.0408986,-1.2049326631757948,0.4192311233944363,0.20448949601915148
1712268677.0419176,-1.07674327161577,0.3509201606114705,0.17681481109725103
1712268677.0429366,-0.905473960770501,0.2584376434485118,0.11621072888374329
1712268677.0439558,-0.6844699382781982,0.18101856112480164,0.04895071188608805
1712268677.0449748,-0.42388836542765296,0.08538322316275702,-0.010600355971190665
1712268677.045994,-0.1373887062072754,-0.019006213794151943,-0.08064916564358605
1712268677.047013,0.16490418050024244,-0.08905502657095592,-0.13178480168183646
1712268677.0480323,0.46792457501093543,-0.17206286390622458,-0.1759155591328939
1712268677.0490513,0.7516777515411377,-0.2739838924672868,-0.23545703954166836
1712268677.0500703,0.9975971778233845,-0.3573419650395711,-0.2830902404255337
1712268677.0510895,1.1972753206888835,-0.40392445193396675,-0.3020034233729045
1712268677.0521085,1.3331966929965549,-0.44630398352940875,-0.29429803291956586
1712268677.0531278,1.3983547687530518,-0.4750239849090576,-0.2978005011876424
1712268677.0541468,1.399055454466078,-0.4659176535076565,-0.28694291909535724
1712268677.055166,1.3314451111687553,-0.4638161924150255,-0.27363364895184833
1712268677.056185,1.1986766921149359,-0.45470982789993286,-0.2592736482620239
1712268677.0572042,1.0053040583928425,-0.38641224304835,-0.22529996103710598
1712268677.0582232,0.7509771320554945,-0.2963995271258884,-0.17941799428727892
1712268677.0592422,0.4570648736423916,-0.20043263832728067,-0.14299261901113722
1712268677.0602615,0.1361785415146086,-0.08940527008639441,-0.1254804101255205
1712268677.0612805,-0.18642288115289476,0.04579789936542511,-0.09045600063270992
1712268677.0622997,-0.4995410641034444,0.16035012072987026,-0.048076469037267894
1712268677.0633187,-0.7807870705922444,0.27945641014311046,-0.007448159158229828
1712268677.064338,-1.0119481219185722,0.4108236233393351,0.0500016493929757
1712268677.065357,-1.1821667353312175,0.48894332514868843,0.09624290797445509
1712268677.0663762,-1.2914428446027968,0.5253758364253573,0.12321698168913522
1712268677.0673952,-1.3352233833736844,0.5484964781337314,0.14283448457717896
1712268677.0684142,-1.318411694632636,0.5632095866733127,0.18031792508231267
1712268677.0694335,-1.2543169657389324,0.5239745643403795,0.2013366917769114
1712268677.0704525,-1.141188144683838,0.47843393352296615,0.19538137647840711
1712268677.0714717,-0.9797256522708468,0.4111739330821567,0.18031792508231267
1712268677.0724907,-0.7723812262217203,0.29276827971140545,0.13442698452207777
1712268677.07351,-0.5324640207820468,0.1740123000409868,0.07522415783670214
1712268677.074529,-0.2610248658392164,0.062262589732805886,0.027581643727090623
1712268677.075548,0.025129454831282295,-0.054030621217356786,-0.028112559682793088
1712268677.0765672,0.31168513827853733,-0.1895750727918413,-0.10306479202376471
1712268677.0775862,0.5933364894655015,-0.2978005011876424,-0.18922482927640277
1712268677.0786054,0.8508162366019355,-0.3874629735946655,-0.24526387453079224
1712268677.0796244,1.0673093795776367,-0.4750239849090576,-0.30095269282658893
1712268677.0806437,1.2312556637658012,-0.5016425251960754,-0.33492634693781537
1712268677.0816627,1.333547035853068,-0.49568838543362087,-0.3429819809065925
1712268677.082682,1.3741832309299045,-0.4995410641034444,-0.3534892863697476
1712268677.083701,1.3489606645372179,-0.4771254460016886,-0.3538395298851861
1712268677.08472,1.2617328431871202,-0.42318787839677596,-0.3310736682679918
1712268677.0857391,1.1124997668796115,-0.3443829549683465,-0.27328340543640983
1712268677.0867581,0.9002102745903863,-0.27328340543640983,-0.22424923049079046
1712268677.0877774,0.6437814897961086,-0.16330677602026197,-0.17031164632903203
1712268677.0887964,0.3519710898399353,-0.05893403457270728,-0.11147064467271169
1712268677.0898156,0.03774070905314551,0.017422578401035733,-0.06558867378367318
1712268677.0908346,-0.2830902404255337,0.12251635392506917,-0.013402308233910136
1712268677.0918536,-0.587802595562405,0.22901137669881183,0.04965133551094267
1712268677.0928729,-0.8620436986287434,0.30958327982160777,0.09554228848881191
1712268677.0938919,-1.0865501562754314,0.3628307912084791,0.10710260106457604
1712268677.094911,-1.2445101473066542,0.42448580265045166,0.11761197613345252
1712268677.09593,-1.3362741470336914,0.4553133249282837,0.13582823177178702
1712268677.0969493,-1.3688468933105469,0.46687361266877914,0.13687916927867466
1712268677.0979683,-1.3366243574354384,0.49279676543341744,0.14563697907659742
1712268677.0989876,-1.2483628590901692,0.4896439446343316,0.14878979987568325
1712268677.1000066,-1.1117676893870037,0.4381479819615682,0.12321698168913522
1712268677.1010256,-0.9278895457585652,0.3712382912635803,0.08223041064209408
1712268677.1020448,-0.6932260592778524,0.3120354811350505,0.057708525823222265
1712268677.1030638,-0.425989826520284,0.21289699607425266,0.040543207691775426
1712268677.104083,-0.13493700159920585,0.0958925982316335,-0.005696938476628727
1712268677.105102,0.1659551097287072,-0.015153527880708376,-0.0484267125527064
1712268677.1061213,0.46652330292595756,-0.16610872414377,-0.10586674014727274
1712268677.1071403,0.7471236917707655,-0.31286097235149807,-0.16891067226727804
1712268677.1081595,0.987438162167867,-0.4109293222427368,-0.21058971683184305
1712268677.1091785,1.1766069465213351,-0.4907849762174818,-0.23860924773746067
1712268677.1101975,1.303420066833496,-0.5580317974090576,-0.27748632762167186
1712268677.1112168,1.3633235295613606,-0.5913050307167901,-0.32652050256729126
1712268677.1122358,1.3636738724178739,-0.5786961979336208,-0.3471849030918545
1712268677.113255,1.3013182746039496,-0.5541791518529257,-0.34998685121536255
1712268677.114274,1.1759062608083088,-0.48027763764063514,-0.34053027629852295
1712268677.1152933,0.9926928414238824,-0.3559409909778171,-0.30095269282658893
1712268677.1163123,0.7614864905675252,-0.2424619264072842,-0.2603243788083394
1712268677.1173313,0.48894332514868843,-0.13108431465095943,-0.22074679533640543
1712268677.1183505,0.1911776264508565,-0.003245230246749189,-0.16785994172096252
1712268677.1193695,-0.11672430568271212,0.13687916927867466,-0.08064916564358605
1712268677.1203887,-0.4242386089430915,0.24442513783772785,-9.303357930750483e-05
1712268677.1214077,-0.7023323906792535,0.3439138995276557,0.06191227585077286
1712268677.122427,-0.9373461537890964,0.4269380039638943,0.12111510667535993
1712268677.123446,-1.1219247182210286,0.4448039333025614,0.1578979194164276
1712268677.1244652,-1.2504643864101834,0.4574151833852132,0.17891668611102635
1712268677.1254842,-1.318761905034383,0.470026433467865,0.20694168077574834
1712268677.1265032,-1.3320712248484294,0.4630202054977417,0.21710074610180324
1712268677.1275225,-1.2938945823245578,0.41993174288007945,0.19327950146463183
1712268677.1285415,-1.1979277928670247,0.38174768288930255,0.14458604984813267
1712268677.1295607,-1.0497744878133137,0.3362070189581977,0.10990510384241739
1712268677.1305797,-0.8543383412890964,0.2573866976632012,0.05735821194118924
1712268677.131599,-0.6172230508592393,0.2034385667906867,0.010416325595643785
1712268677.132618,-0.344733198483785,0.1337263567580117,-0.02776231409774886
1712268677.133637,-0.04387354271279441,0.02793195553951793,-0.08625307016902499
1712268677.1346562,0.26474326848983765,-0.08345112204551697,-0.14579456713464525
1712268677.1356752,0.5691648854149712,-0.18221994241078696,-0.1913262903690338
1712268677.1366944,0.8476634158028497,-0.27258291840553284,-0.20673703816201952
1712268677.1377134,1.0792200432883368,-0.37380344337887234,-0.23475655251079136
1712268677.1387327,1.2561278873019748,-0.4312434792518616,-0.2561214400662316
1712268677.1397517,1.368227932188246,-0.48623181051678127,-0.27223267489009434
1712268677.140771,1.4116667376624212,-0.542971326245202,-0.2900951107343038
1712268677.14179,1.3815397686428494,-0.5461235178841485,-0.2897448672188653
1712268677.142809,1.28730575243632,-0.5086474286185371,-0.2701312137974633
1712268677.1438282,1.125811603334215,-0.4596132371160719,-0.24631460507710773
1712268677.1448472,0.9100190798441569,-0.3941176003879971,-0.2417614393764072
1712268677.1458664,0.6469343105951945,-0.2827399969100952,-0.2263506915834215
1712268677.1468854,0.35056985086864895,-0.1622560289171007,-0.18922482927640277
1712268677.1479046,0.03248601944910155,-0.03441695123910904,-0.1513984633816613
1712268677.1489236,-0.28729316261079574,0.12952260673046112,-0.09150673117902544
1712268677.1499429,-0.5825489097171359,0.26859670877456665,-0.028112559682793088
1712268677.1509619,-0.8427802721659342,0.36633392175038654,0.01847351590792338
1712268677.1519809,-1.052226225535075,0.44515424304538304,0.06016071471903059
1712268677.153,-1.2003793981340196,0.5236242545975579,0.11691135664780934
1712268677.154019,-1.2910926342010498,0.5523498853047689,0.1761141750547621
1712268677.1550384,-1.3247161441379123,0.5558530489603678,0.20238762100537616
1712268677.1560574,-1.300199031829834,0.5467448963059319,0.22410700718561807
1712268677.1570766,-1.221744351916843,0.4836886458926731,0.21675043635898167
1712268677.1580956,-1.0984584358003404,0.39540986220041907,0.18697387642330593
1712268677.1591146,-0.9334934420055813,0.3214939104186164,0.15894886520173815
1712268677.1601338,-0.7250982522964478,0.23286481698354083,0.12321698168913522
1712268677.1611528,-0.4841303163104587,0.11971385114722781,0.06366384112172656
1712268677.162172,-0.21093996034728155,0.00025726080315911933,-0.026361337966389127
1712268677.163191,0.08223041064209408,-0.09746088749832577,-0.09886186156007978
1712268677.1642103,0.38209799263212413,-0.21829509072833592,-0.166809211174647
1712268677.1652293,0.6658511691623263,-0.306556589073605,-0.2302033868100908
1712268677.1662486,0.9198278188705444,-0.35173806879255504,-0.26802973614798653
1712268677.1672676,1.1286140812767875,-0.4126805398199293,-0.30410488446553546
1712268677.1682866,1.2810001108381484,-0.466267897023095,-0.33982978926764595
1712268677.1693058,1.3727819919586182,-0.4820288552178277,-0.35489026043150157
1712268677.1703248,1.3980044258965385,-0.46416643593046397,-0.3307234247525533
1712268677.171344,1.3496613502502441,-0.4487556881374783,-0.29920147524939644
1712268677.172363,1.236860752105713,-0.40392445193396675,-0.2694307267665863
1712268677.1733823,1.0659081406063504,-0.33632732099956936,-0.22740143868658277
1712268677.1744013,0.8420583936903212,-0.28764340612623424,-0.1916765338844723
1712268677.1754203,0.5670630269580417,-0.20953898628552753,-0.1545506715774536
1712268677.1764395,0.2598388824197981,-0.09535941812727186,-0.09570966164271036
1712268677.1774585,-0.07119258244832356,0.01882382772035069,-0.04142183396551344
1712268677.1784778,-0.39937125311957467,0.11480947335561116,-0.0120013321025504
1712268677.1794968,-0.6984796788957384,0.2237566974427965,0.004110699260814322
1712268677.180516,-0.9471529722213745,0.325697660446167,0.04159414519866308
1712268677.181535,-1.14609162012736,0.39155642191569007,0.06856821477413177
1712268677.1825542,-1.2816360261705186,0.4731792542669508,0.09764416350258721
1712268677.1835732,-1.3478321499294705,0.5351845754517449,0.13337604701519012
1712268677.1845922,-1.3520350721147325,0.5428914560212029,0.14458604984813267
1712268677.1856115,-1.303000979953342,0.5197708143128289,0.14458604984813267
1712268677.1866305,-1.1944252914852567,0.49594958623250324,0.14318479432000053
1712268677.1876497,-1.0403178797827826,0.4493579930729336,0.15439480543136597
1712268677.1886687,-0.8448817332585652,0.36318110095130074,0.13512760400772095
1712268677.189688,-0.6081167194578383,0.27910606728659737,0.10289885103702545
1712268677.190707,-0.33632732099956936,0.161401049958335,0.05805883970525529
1712268677.1917262,-0.042822808027267456,0.0013081985525786877,-0.005346694443788793
1712268677.1927452,0.2556351323922475,-0.13073407113552094,-0.06769013901551564
1712268677.1937642,0.5432417657640245,-0.24666484859254625,-0.11357211404376559
1712268677.1947834,0.8035240570704142,-0.36504735549290973,-0.16856042875183952
1712268677.1958025,1.0252718793021307,-0.4666181405385335,-0.2431624134381612
1712268677.1968217,1.2007784843444824,-0.5191547340816921,-0.302353666888343
1712268677.1978407,1.3163816928863525,-0.5573313103781806,-0.3342258599069383
1712268677.19886,1.3678775893317328,-0.5681888924704658,-0.3601439462767707
1712268677.199879,1.3524638281928167,-0.5156522989273071,-0.35489026043150157
1712268677.200898,1.2785478432973225,-0.4519078797764248,-0.33492634693781537
1712268677.2019172,1.1391234397888184,-0.3937673568725586,-0.31811465819676715
1712268677.2029362,0.9485534164640639,-0.31321121586693657,-0.2900951107343038
1712268677.2039554,0.7120924525790744,-0.1895750727918413,-0.23160436087184483
1712268677.2049744,0.4332436124483744,-0.07819746103551653,-0.1510482198662228
1712268677.2059937,0.1239176011747784,0.03318664514356189,-0.0880042960246404
1712268677.2070127,-0.19097604685359532,0.15894886520173815,-0.021107676956388686
1712268677.208032,-0.49358692434098983,0.24162262678146362,0.03563883403937022
1712268677.209051,-0.7695792118708292,0.30012485053804183,0.07697571482923296
1712268677.21007,-1.0045930412080553,0.37298983997768825,0.12566916644573212
1712268677.2110891,-1.1818165249294705,0.4251864221360948,0.1680569847424825
1712268677.2121081,-1.302650769551595,0.4437530040740967,0.18277012639575535
1712268677.2131274,-1.3579893112182617,0.44445362355973983,0.16525449024306402
1712268677.2141464,-1.3506340980529785,0.4511095749007331,0.15719729993078443
1712268677.2151656,-1.2872399224175346,0.4153776831097073,0.13898104429244995
1712268677.2161846,-1.1692077583736844,0.3929576608869764,0.11025541358523898
1712268677.2172039,-1.0024915801154242,0.3757923510339525,0.09238946768972608
1712268677.2182229,-0.7870914538701375,0.310283899307251,0.05525633692741394
1712268677.2192419,-0.5317635337511698,0.21429825160238478,-0.0018442538566887379
1712268677.220261,-0.2431624134381612,0.12006416916847229,-0.0550813517636723
1712268677.22128,0.0668166536423895,0.025129454831282295,-0.08099940915902455
1712268677.2222993,0.3719389107492235,-0.1002628356218338,-0.11567357513639662
1712268677.2233183,0.6637493107053969,-0.20953898628552753,-0.15875359376271567
1712268677.2243376,0.9250824981265597,-0.31005902422799003,-0.19412823849254185
1712268677.2253566,1.1405246787601047,-0.43229420979817706,-0.23475655251079136
1712268677.2263756,1.2943119472927518,-0.5181040035353767,-0.2687302397357093
1712268677.2273948,1.3804888725280762,-0.5555801259146796,-0.27573511004447937
1712268677.2284138,1.3934503661261664,-0.5688893795013428,-0.2799380487865872
1712268677.229433,1.337750752766927,-0.5709908405939738,-0.29499851995044285
1712268677.230452,1.2242494689093695,-0.5219566822052002,-0.31040926774342853
1712268677.2314713,1.0568000210656059,-0.44175078471501666,-0.29429803291956586
1712268677.2324903,0.8336508936352199,-0.34928636418448555,-0.2739838924672868
1712268677.2335095,0.564260549015469,-0.20463556051254272,-0.23440630899535284
1712268677.2345285,0.2640426324473487,-0.04772622552182939,-0.17521507210201687
1712268677.2355475,-0.049127203722794846,0.08082915511396196,-0.12477992309464349
1712268677.2365668,-0.35944345924589366,0.2034385667906867,-0.07574574814902411
1712268677.2375858,-0.6392884254455566,0.3306020299593608,-0.011300844036870532
1712268677.238605,-0.8834085861841837,0.43254299296273124,0.07487383981545766
1712268677.239624,-1.0812964704301622,0.4847395751211378,0.13337604701519012
1712268677.2406433,-1.217541429731581,0.5358851949373881,0.18031792508231267
1712268677.2416623,-1.2956457667880588,0.5393883254792955,0.21394794185956317
1712268677.2426813,-1.317360930972629,0.49174583620495266,0.21850200162993536
1712268677.2437005,-1.2882906860775418,0.45671456389957005,0.21675043635898167
1712268677.2447195,-1.2077346112993028,0.41292548179626465,0.21044481131765577
1712268677.2457387,-1.0788447327084012,0.34566548135545516,0.1799676153394911
1712268677.2467577,-0.905473960770501,0.26018920871946544,0.11480947335561116
1712268677.247777,-0.6823684771855673,0.18907575143708122,0.04544758548339208
1712268677.248796,-0.42283763488133747,0.09449135098192427,-0.014102796299590005
1712268677.2498152,-0.1370384626918369,-0.009899867905510796,-0.08205014798376295
1712268677.2508342,0.1638532347149319,-0.07959843509727053,-0.1370384626918369
1712268677.2518532,0.4658226834403144,-0.16610872414377,-0.18537215060657924
1712268677.2528725,0.7471236917707655,-0.27223267489009434,-0.2431624134381612
1712268677.2538915,0.9982977973090278,-0.3559409909778171,-0.2886941366725498
1712268677.2549107,1.1986766921149359,-0.4035742084185282,-0.3027039104037815
1712268677.2559297,1.3321456644270155,-0.45506007141537136,-0.2985009882185194
1712268677.256949,1.399055454466078,-0.48342982927958167,-0.3027039104037815
1712268677.257968,1.3973038726382785,-0.4732727673318651,-0.2879936496416728
1712268677.2589872,1.330043872197469,-0.47922690709431964,-0.2739838924672868
1712268677.2600062,1.1983263492584229,-0.4589127500851949,-0.2606746223237779
1712268677.2610252,1.00250158045027,-0.388513704140981,-0.22179752588272095
1712268677.2620444,0.753078990512424,-0.2956990400950114,-0.17521507210201687
1712268677.2630634,0.45601394441392684,-0.20463556051254272,-0.13808919323815239
1712268677.2640827,0.13477729426489934,-0.09255747000376384,-0.12337894075446658
1712268677.2651017,-0.18922482927640277,0.04579789936542511,-0.08380136556095547
1712268677.266121,-0.4998913076188829,0.16035012072987026,-0.04177207748095194
1712268677.26714,-0.7811372809939914,0.28506139914194745,0.0009578859640492334
1712268677.268159,-1.0115979115168254,0.41677892208099365,0.05595696055226856
1712268677.2691782,-1.1835677093929715,0.48684143357806736,0.0958925982316335
1712268677.2701972,-1.2931941615210638,0.5253758364253573,0.11901323166158465
1712268677.2712164,-1.3380253314971924,0.5505983365906609,0.14178353879186842
1712268677.2722354,-1.3222644064161513,0.5625089671876695,0.17926699585384792
1712268677.2732546,-1.2571190463172064,0.5253758364253573,0.1974832514921824
1712268677.2742736,-1.141538487540351,0.481586754322052,0.1911776264508565
1712268677.2752929,-0.980776415930854,0.41607830259535045,0.17471293608347574
1712268677.2763119,-0.7748328977160983,0.2906663881407844,0.1337263567580117
1712268677.2773309,-0.5349157253901163,0.16875762078497145,0.07837697035736507
1712268677.27835,-0.2652277880244785,0.060861338343885206,0.035989143782191806
1712268677.279369,0.01847351590792338,-0.06663940432998869,-0.016554505046870973
1712268677.2803884,0.30678076876534355,-0.2032345864507887,-0.09956234859095679
1712268677.2814074,0.5919352504942152,-0.30970878071255153,-0.18397115998797947
1712268677.2824266,0.8536187145445082,-0.3976200355423821,-0.24141119586096868
1712268677.2834456,1.0725641250610352,-0.47852642006344265,-0.2971000141567654
1712268677.2844646,1.2358097235361736,-0.5005917946497599,-0.3307234247525533
1712268677.2854838,1.3388016488817003,-0.49708935949537486,-0.344733198483785
1712268677.2865028,1.3783869478437636,-0.4953381419181824,-0.3601439462767707
1712268677.287522,1.3510625892215304,-0.47817617654800415,-0.3611946768230862
1712268677.288541,1.2634844250149198,-0.4175839490360684,-0.3380785716904534
1712268677.2895603,1.1121494240230985,-0.34158100684483844,-0.27783658769395614
1712268677.2905793,0.9026624759038289,-0.26417705747816295,-0.22740143868658277
1712268677.2915986,0.6430808703104655,-0.1549009150928921,-0.1671594546900855
1712268677.2926176,0.3523213995827569,-0.06383745206726922,-0.10761795772446527
1712268677.2936366,0.037390395171112485,0.009715700935986307,-0.06138574331998825
1712268677.2946558,-0.2837907274564107,0.11340822610590193,-0.007448159158229828
1712268677.2956748,-0.589553780025906,0.21850200162993536,0.05385508553849326
1712268677.296694,-0.8627441856596205,0.30047516028086346,0.09939572049511804
1712268677.297713,-1.0872506433063083,0.3558245301246643,0.11095604134930505
1712268677.2987323,-1.2438097265031602,0.4213329818513658,0.12111510667535993
1712268677.2997513,-1.3341726197136772,0.4525108138720194,0.1379301067855623
1712268677.3007705,-1.3656946023305256,0.4696761237250434,0.13722947902149624
1712268677.3017895,-1.3327716456519232,0.5078602168295119,0.14598730537626478
1712268677.3028085,-1.2459111213684082,0.4994526836607191,0.14668792486190796
1712268677.3038278,-1.1089657412634955,0.4469058248731825,0.11866291364034016
1712268677.3048468,-0.9233364131715562,0.38104703028996784,0.08117946485678355
1712268677.305866,-0.6918250852160983,0.31658954090542263,0.06121165222591824
1712268677.306885,-0.42914201815923053,0.21044481131765577,0.040543207691775426
1712268677.3079042,-0.1384394367535909,0.0941410329606798,-0.006397426542308595
1712268677.3089232,0.16665574577119616,-0.020056944340467453,-0.050528177784548864
1712268677.3099422,0.47212832503848606,-0.16821018523640102,-0.10726771420902675
1712268677.3109615,0.7513274749120076,-0.3146121899286906,-0.16785994172096252
1712268677.3119805,0.9926928414238824,-0.41513224442799884,-0.20848825573921204
1712268677.3129997,1.1783585283491347,-0.4939371678564283,-0.23860924773746067
1712268677.3140187,1.302719513575236,-0.5611840221616957,-0.27818683120939464
1712268677.315038,1.3664763503604465,-0.5906045436859131,-0.32546977202097577
1712268677.316057,1.368227932188246,-0.5737927887174818,-0.34123076332939994
1712268677.3170762,1.3013182746039496,-0.5492757426367866,-0.3450834419992235
1712268677.3180952,1.1776578426361084,-0.4715215497546726,-0.33492634693781537
1712268677.3191142,0.9944443570242988,-0.3478853901227315,-0.2918463283114963
1712268677.3201334,0.7635884152518378,-0.2428121699227227,-0.2529692484272851
1712268677.3211524,0.49104518360561794,-0.12828235824902853,-0.2154931260479821
1712268677.3221717,0.19257886542214286,-0.0018442538566887379,-0.1626062724325392
1712268677.3231907,-0.1139223575592041,0.14143322904904684,-0.07924819158183204
1712268677.32421,-0.4207361406750149,0.24197295308113098,-0.003595474279589123
1712268677.325229,-0.7016319036483765,0.34671641058391994,0.05735821194118924
1712268677.326248,-0.9401481019126045,0.4290398624208238,0.11621072888374329
1712268677.3272672,-1.1257774300045438,0.4469058248731825,0.15264324016041225
1712268677.3282862,-1.2546673085954454,0.4658226834403144,0.1778657403257158
1712268677.3293054,-1.3229648272196453,0.47843393352296615,0.20939388208919102
1712268677.3303244,-1.3366243574354384,0.4630202054977417,0.22025356690088907
1712268677.3313437,-1.297747294108073,0.4195814331372579,0.1950310667355855
1712268677.3323627,-1.2000291877322726,0.38279861211776733,0.15194260411792332
1712268677.333382,-1.052226225535075,0.333404541015625,0.11901323166158465
1712268677.334401,-0.8578407764434814,0.2584376434485118,0.06961915228101942
1712268677.33542,-0.6165225638283623,0.20483980576197305,0.021626328428586323
1712268677.3364391,-0.34053027629852295,0.1400319900777605,-0.020056944340467453
1712268677.3374581,-0.041071590450074934,0.03143508194221391,-0.08099940915902455
1712268677.3384774,0.26649483376079136,-0.08205014798376295,-0.14719554119639927
1712268677.3394964,0.5733686685562134,-0.17451458507113987,-0.19412823849254185
1712268677.3405156,0.8476634158028497,-0.2666287620862325,-0.21023947331640455
1712268677.3415346,1.076067222489251,-0.36469711197747123,-0.24351265695359972
1712268677.3425539,1.2505229314168294,-0.4210863841904534,-0.26417705747816295
1712268677.3435729,1.3640242152743869,-0.4820288552178277,-0.2816892663637797
1712268677.3445919,1.4095648129781086,-0.5419205956988864,-0.2971000141567654
1712268677.345611,1.3811894257863362,-0.5457732743687099,-0.2914960847960578
1712268677.34663,1.2855541706085205,-0.5160025424427456,-0.265578031539917
1712268677.3476493,1.1237096786499023,-0.46836935811572605,-0.24561411804623073
1712268677.3486683,0.9058152967029147,-0.4035742084185282,-0.2428121699227227
1712268677.3496876,0.6465839677386813,-0.28589218854904175,-0.22144728236728245
1712268677.3507066,0.3516207800971137,-0.17066188984447056,-0.18186969889534843
1712268677.3517256,0.03458789446287685,-0.035817929440074496,-0.14614481065008375
1712268677.3527448,-0.2830902404255337,0.13442698452207777,-0.08730380899376339
1712268677.3537638,-0.5814982122845119,0.2731507685449388,-0.02671158355143335
1712268677.354783,-0.8434807591968112,0.37018736203511554,0.016371639859345224
1712268677.355802,-1.0518759489059448,0.4602176944414774,0.05805883970525529
1712268677.3568213,-1.2000291877322726,0.5299298961957296,0.12146541641818152
1712268677.3578403,-1.2935443719228108,0.5541014671325684,0.17436260978380838
1712268677.3588595,-1.3250663545396593,0.5572542879316542,0.20028574599160087
1712268677.3598785,-1.301249795489841,0.5481461352772182,0.21885231137275696
1712268677.3608975,-1.2269980377621121,0.481586754322052,0.21324732237392002
1712268677.3619168,-1.1040623320473564,0.3908558024300469,0.18347074588139853
1712268677.3629358,-0.9331432316038344,0.31869139936235213,0.15964948468738133
1712268677.363955,-0.7264992263582017,0.2297120127413008,0.12356729143195681
1712268677.364974,-0.4837800727950202,0.11375853584872352,0.06191227585077286
1712268677.3659933,-0.21023947331640455,-0.0007935216934937569,-0.027061827066871855
1712268677.3670123,0.08573353290557861,-0.10166380968358782,-0.09746088749832577
1712268677.3680313,0.38560112317403156,-0.2193458212746514,-0.1643575065665775
1712268677.3690505,0.6693543328179253,-0.30095269282658893,-0.22249801291359794
1712268677.3700695,0.9212290578418307,-0.34893612066904706,-0.2592736482620239
1712268677.3710887,1.133868826760186,-0.40987859169642127,-0.2971000141567654
1712268677.3721077,1.2859045134650335,-0.4617146982087029,-0.3331751293606228
1712268677.373127,1.3773360517289903,-0.47922690709431964,-0.34998685121536255
1712268677.374146,1.4004566934373643,-0.4638161924150255,-0.3244190414746602
1712268677.3751652,1.3500116931067572,-0.45646104547712535,-0.29990196228027344
1712268677.3761842,1.236860752105713,-0.4035742084185282,-0.2753848665290409
1712268677.3772032,1.0652075211207073,-0.3377283281750149,-0.23405606547991434
1712268677.3782225,0.8413577742046779,-0.2911458412806193,-0.2014833688735962
1712268677.3792415,0.5663624074723985,-0.2035848299662272,-0.16120529837078518
1712268677.3802607,0.2538835671212938,-0.09185697469446394,-0.09886186156007978
1712268677.3812797,-0.0739945305718316,0.016371639859345224,-0.04562476028998693
1712268677.382299,-0.4035742084185282,0.11621072888374329,-0.01375255174934864
1712268677.383318,-0.7009314166174995,0.22866106695599026,0.012167888796991771
1712268677.3843372,-0.9538076321283976,0.3253473507033454,0.051753210524717964
1712268677.3853562,-1.150294542312622,0.3957601719432407,0.07732603285047743
1712268677.3863752,-1.2826867898305256,0.4787842432657877,0.11410885386996798
1712268677.3873944,-1.3485327031877306,0.5344839559661018,0.14914010961850485
1712268677.3884134,-1.3544868098364935,0.5379870865080092,0.15579604440265232
1712268677.3894327,-1.301600005891588,0.5190701948271857,0.15054136514663696
1712268677.3904517,-1.1937248706817627,0.5022551947169833,0.14878979987568325
1712268677.391471,-1.0385666953192816,0.45181019438637626,0.15474511517418754
1712268677.39249,-0.8441812462276882,0.36598361200756496,0.12742073171668583
1712268677.393509,-0.6081167194578383,0.2808576491143968,0.09309009545379214
1712268677.3945282,-0.3384288152058919,0.15894886520173815,0.04544758548339208
1712268677.3955472,-0.04702573849095239,0.0013081985525786877,-0.01830572469366921
1712268677.3965664,0.25073076287905377,-0.12688138418727452,-0.0739945305718316
1712268677.3975854,0.5414902170499166,-0.24386290046903822,-0.11917601856920454
1712268677.3986046,0.7996706167856852,-0.36469711197747123,-0.17311359445254007
1712268677.3996236,1.0231700208452013,-0.4729225238164266,-0.24701509210798475
1712268677.4006429,1.1983263492584229,-0.5275606115659078,-0.2978005011876424
1712268677.4016619,1.3163816928863525,-0.5723918146557277,-0.32792147662904525
1712268677.4026809,1.3696291711595323,-0.5755440394083658,-0.3541897734006246
1712268677.4037,1.3556166489919026,-0.5177537600199381,-0.3485858771536085
1712268677.404719,1.2778472900390625,-0.4596132371160719,-0.3345761034223768
1712268677.4057384,1.140875021616618,-0.3969195485115051,-0.3216170933511522
1712268677.4067574,0.949254035949707,-0.3055058585272895,-0.29464827643500435
1712268677.4077766,0.7117421097225612,-0.18116921186447144,-0.2291526562637753
1712268677.4087956,0.42868955267800224,-0.07224331299463908,-0.15244919392797682
1712268677.4098148,0.11971385114722781,0.041944459080696106,-0.09290771351920234
1712268677.4108338,-0.19693020317289564,0.16560479998588562,-0.02671158355143335
1712268677.4118528,-0.5002415511343214,0.24127231703864202,0.02898289304640558
1712268677.412872,-0.7748328977160983,0.30082547002368504,0.07031978004508548
1712268677.413891,-1.0063442256715562,0.3733401828342014,0.12426791919602288
1712268677.4149103,-1.1860194471147325,0.422033601337009,0.1680569847424825
1712268677.4159293,-1.306503348880344,0.4332436124483744,0.1813688708676232
1712268677.4169486,-1.3625424438052707,0.4409504930178324,0.16175135970115662
1712268677.4179676,-1.3520350721147325,0.4486573735872904,0.15509542491700914
1712268677.4189866,-1.2872399224175346,0.4213329818513658,0.14038229982058206
1712268677.4200058,-1.1685072051154242,0.40066454145643443,0.11866291364034016
1712268677.4210248,-0.9975881046719021,0.381397373146481,0.10079697602325015
1712268677.422044,-0.7807870705922444,0.3130864103635152,0.060861338343885206
1712268677.423063,-0.5282610985967848,0.2156995071305169,0.007613825404809581
1712268677.4240823,-0.23930973476833767,0.12251635392506917,-0.042822808027267456
1712268677.4251013,0.06751727726724413,0.025830080525742635,-0.06733989550007714
1712268677.4261205,0.3743911120626661,-0.10096332265271081,-0.10691747069358826
1712268677.4271395,0.668653647104899,-0.20813801222377354,-0.1531496975156996
1712268677.4281585,0.9306875202390883,-0.3149624334441291,-0.19412823849254185
1712268677.4291778,1.1433272891574435,-0.4399995671378242,-0.2403604653146532
1712268677.4301968,1.295713186264038,-0.5219566822052002,-0.2743341359827253
1712268677.431216,1.3787372907002766,-0.5594328376981947,-0.2823897533946567
1712268677.432235,1.394851737552219,-0.5723918146557277,-0.28729316261079574
1712268677.4332542,1.3395023345947266,-0.5716913276248508,-0.30340439743465847
1712268677.4342732,1.226701603995429,-0.5177537600199381,-0.31321121586693657
1712268677.4352922,1.0543478197521634,-0.4435020354059007,-0.2918463283114963
1712268677.4363115,0.8304980728361342,-0.3552405039469401,-0.2704814573129018
1712268677.4373305,0.5632095866733127,-0.20708728167745802,-0.22459947400622898
1712268677.4383497,0.266144507461124,-0.050528177784548864,-0.16365701953570047
1712268677.4393687,-0.04667549497551388,0.07557446757952373,-0.11567357513639662
1712268677.440388,-0.3538395298851861,0.20028574599160087,-0.06733989550007714
1712268677.441407,-0.6368367539511787,0.3285001715024312,-0.00044327766065382294
1712268677.4424262,-0.8823578225241767,0.425887041621738,0.08152978287802802
1712268677.4434452,-1.082347167862786,0.48333833614985144,0.13477729426489934
1712268677.4444642,-1.220343377855089,0.5348342657089233,0.17891668611102635
1712268677.4454834,-1.298447847366333,0.5369361572795444,0.2058907515472836
1712268677.4465024,-1.3229648272196453,0.49805144468943274,0.2058907515472836
1712268677.4475217,-1.2914428446027968,0.466172993183136,0.2076423168182373
1712268677.4485407,-1.2094857957628038,0.42448580265045166,0.2058907515472836
1712268677.44956,-1.0812964704301622,0.3523213995827569,0.17821605006853738
1712268677.450579,-0.907575421863132,0.26474326848983765,0.11235728859901428
1712268677.4515982,-0.6869216759999593,0.1918782459364997,0.051402900781896375
1712268677.4526172,-0.42458885245853,0.08923665516906314,-0.008148647223909697
1712268677.4536362,-0.1377389497227139,-0.009199378805028068,-0.0750452611181471
1712268677.4546554,0.16525449024306402,-0.076446243458324,-0.12232821020815107
1712268677.4556744,0.47072705295350814,-0.17101213335990906,-0.17171262039078605
1712268677.4566936,0.7548305723402235,-0.27678584059079486,-0.23160436087184483
1712268677.4577127,1.003202199935913,-0.3615449203385247,-0.2823897533946567
1712268677.458732,1.202880409028795,-0.4070766435729133,-0.2978005011876424
1712268677.459751,1.3352984852261014,-0.4582122630543179,-0.2978005011876424
1712268677.46077,1.403259171379937,-0.47992739412519664,-0.30305415391921997
1712268677.4617891,1.4008070362938774,-0.46836935811572605,-0.2918463283114963
1712268677.4628081,1.3307444254557292,-0.4757244719399346,-0.2823897533946567
1712268677.4638274,1.1972753206888835,-0.4582122630543179,-0.2673292491171095
1712268677.4648464,1.0014506181081135,-0.3860619995329115,-0.22810192571745977
1712268677.4658656,0.748875273598565,-0.29990196228027344,-0.18081896834903294
1712268677.4668846,0.4535617431004842,-0.20883849925465053,-0.14824627174271476
1712268677.4679039,0.13442698452207777,-0.09360820055007935,-0.12828235824902853
1712268677.4689229,-0.18922482927640277,0.042294772962729134,-0.0866033136844635
1712268677.4699419,-0.5009420381651984,0.157547609673606,-0.04632525146007538
1712268677.470961,-0.7832387420866225,0.2906663881407844,0.0006075733755197789
1712268677.47198,-1.0136993726094563,0.4202820526229011,0.05840914944807688
1712268677.4729993,-1.1839179197947185,0.4952489336331685,0.09834478298823038
1712268677.4740183,-1.2938945823245578,0.5316814449098375,0.12321698168913522
1712268677.4750376,-1.3345229625701904,0.564260549015469,0.14843949013286167
1712268677.4760566,-1.320162879096137,0.5709164672427707,0.1911776264508565
1712268677.4770756,-1.2567687034606934,0.5306305156813728,0.2034385667906867
1712268677.4780948,-1.1443404356638591,0.48824270566304523,0.19678261544969347
1712268677.4791138,-0.982527666621738,0.4125751720534431,0.17576386531194052
1712268677.480133,-0.7748328977160983,0.2945198284255134,0.13232510950830248
1712268677.481152,-0.5373674299981859,0.17716512084007263,0.07837697035736507
1712268677.4821713,-0.26277608341640896,0.06646633976035647,0.03143508194221391
1712268677.4831903,0.021276016616159014,-0.05823354754183027,-0.02671158355143335
1712268677.4842095,0.31168513827853733,-0.19587947262658012,-0.10761795772446527
1712268677.4852285,0.5957886907789443,-0.3020034233729045,-0.18782385521464878
1712268677.4862475,0.8543193340301514,-0.3972697920269436,-0.24491363101535374
1712268677.4872668,1.0715131627188788,-0.4757244719399346,-0.30095269282658893
1712268677.4882858,1.234408484564887,-0.49253619379467434,-0.3300229377216763
1712268677.489305,1.3370500670539007,-0.4907849762174818,-0.3380785716904534
1712268677.490324,1.3780367374420166,-0.4988405770725674,-0.35173806879255504
1712268677.4913433,1.3545657528771293,-0.47782593303256565,-0.3520883123079936
1712268677.4923623,1.2669875886705186,-0.4196854101286994,-0.3233683109283447
1712268677.4933815,1.114601559109158,-0.34998685121536255,-0.2697809702820248
1712268677.4944005,0.9051146772172716,-0.2746843794981639,-0.22179752588272095
1712268677.4954195,0.6469343105951945,-0.16400726305113897,-0.16610872414377
1712268677.4964387,0.35267170932557845,-0.07154282596376207,-0.11497308810551961
1712268677.4974577,0.03563883403937022,0.005862262203461594,-0.07189306947920057
1712268677.498477,-0.28659267557991874,0.11515979137685564,-0.01550377243094974
1712268677.499496,-0.594457189242045,0.22410700718561807,0.04544758548339208
1712268677.5005152,-0.8700992663701375,0.30292732848061454,0.0878354079193539
1712268677.5015342,-1.0925042629241943,0.3656333022647434,0.10009634825918409
1712268677.5025532,-1.2473120954301622,0.4293901721636454,0.11831260389751858
1712268677.5035725,-1.3380253314971924,0.4563642541567484,0.13512760400772095
1712268677.5045915,-1.3691971037122939,0.47458049323823714,0.14248417483435735
1712268677.5056107,-1.3415278328789604,0.5036564668019613,0.15579604440265232
1712268677.5066297,-1.2508145968119304,0.48929363489151,0.1540444791316986
1712268677.507649,-1.1138692167070177,0.4388486345609029,0.12672010395261976
1712268677.508668,-0.9261383612950642,0.37614266077677405,0.0902875926759508
1712268677.5096872,-0.6907743215560913,0.3137870298491584,0.07137071755197313
1712268677.5107062,-0.4249390959739685,0.20904355578952366,0.0461482091082467
1712268677.5117252,-0.13528724511464438,0.09729384548134273,-0.002894986213909255
1712268677.5127444,0.16875762078497145,-0.015854016981191106,-0.04947744723823335
1712268677.5137634,0.4693258139822218,-0.17311359445254007,-0.10901894006464216
1712268677.5147827,0.749225550227695,-0.3153126769595676,-0.17101213335990906
1712268677.5158017,0.9884890582826402,-0.4123302963044908,-0.20848825573921204
1712268677.516821,1.1745050218370225,-0.4981400900416904,-0.24141119586096868
1712268677.51784,1.2981654538048637,-0.5653869443469577,-0.2830902404255337
1712268677.518859,1.3640242152743869,-0.5948074658711752,-0.32757123311360675
1712268677.5198781,1.368578275044759,-0.5811479356553819,-0.34088051981396145
1712268677.5208972,1.3041207525465224,-0.5587322844399346,-0.34543368551466197
1712268677.5219164,1.1759062608083088,-0.4757244719399346,-0.3300229377216763
1712268677.5229354,0.9937437375386555,-0.3562912344932556,-0.29044535424974227
1712268677.5239546,0.7625374529096816,-0.24981705678833854,-0.2522687613964081
1712268677.5249736,0.4934973849190606,-0.1394901672999064,-0.21409215198622808
1712268677.5259929,0.19713294174936083,0.00025726080315911933,-0.15840335024727714
1712268677.5270119,-0.11357211404376559,0.13722947902149624,-0.07224331299463908
1712268677.5280309,-0.421786904335022,0.2437245017952389,-0.0007935216934937569
1712268677.52905,-0.7037333647410074,0.3516207800971137,0.06016071471903059
1712268677.530069,-0.9411988655726115,0.429740481906467,0.11901323166158465
1712268677.5310884,-1.1264779832628038,0.4455045527882046,0.15229293041759068
1712268677.5321074,-1.2567687034606934,0.4658226834403144,0.1799676153394911
1712268677.5331266,-1.3261171181996663,0.4766823848088582,0.20834293630388048
1712268677.5341456,-1.3408272796207004,0.4640711347262064,0.21499887108802795
1712268677.5351648,-1.303000979953342,0.4195814331372579,0.1859229306379954
1712268677.5361838,-1.2059832943810356,0.3880532913737827,0.14458604984813267
1712268677.5372028,-1.0546778970294528,0.333404541015625,0.11095604134930505
1712268677.538222,-0.8574904998143513,0.2598388824197981,0.059109777212142944
1712268677.539241,-0.6189743015501235,0.2114957571029663,0.016721952706575394
1712268677.5402603,-0.3436824679374695,0.14073260956340367,-0.02215840957230992
1712268677.5412793,-0.042822808027267456,0.030033830553293228,-0.08345112204551697
1712268677.5422986,0.2675457629892561,-0.08029892212814754,-0.14299261901113722
1712268677.5433176,0.5744195646709865,-0.17451458507113987,-0.18327067295710245
1712268677.5443366,0.8515168560875787,-0.2673292491171095,-0.20078288184271917
1712268677.5453558,1.0809716251161363,-0.36890003416273326,-0.23335557844903734
1712268677.5463748,1.2578794691297743,-0.425289339489407,-0.2554209530353546
1712268677.547394,1.3703298568725586,-0.4904347327020433,-0.2753848665290409
1712268677.548413,1.415169768863254,-0.548225012090471,-0.2939477894041273
1712268677.5494323,1.387144856982761,-0.547174248430464,-0.2900951107343038
1712268677.5504513,1.2897578875223796,-0.510748889711168,-0.2701312137974633
1712268677.5514705,1.125811603334215,-0.4652171664767795,-0.2526190049118466
1712268677.5524895,0.9079171551598443,-0.39271662632624305,-0.24876632624202305
1712268677.5535085,0.648685892422994,-0.2788873182402717,-0.22565020455254448
1712268677.5545278,0.3523213995827569,-0.1622560289171007,-0.18677312466833326
1712268677.5555468,0.033536956955989204,-0.026011094450950623,-0.1436931060420142
1712268677.556566,-0.28589218854904175,0.14283448457717896,-0.08029892212814754
1712268677.557585,-0.5832493967480129,0.2742016977734036,-0.020407189925511677
1712268677.5586042,-0.8434807591968112,0.3715886010064019,0.02372820344236162
1712268677.5596232,-1.0501247644424438,0.45601394441392684,0.06996946202384101
1712268677.5606425,-1.1986282136705186,0.5320317546526591,0.1337263567580117
1712268677.5616615,-1.2900418705410428,0.5541014671325684,0.18697387642330593
1712268677.5626805,-1.3247161441379123,0.56040710873074,0.20904355578952366
1712268677.5636997,-1.301249795489841,0.5470952060487535,0.22410700718561807
1712268677.5647187,-1.2273482481638591,0.47948489586512244,0.21184606684578788
1712268677.565738,-1.1051130294799805,0.3978620635138618,0.182419800096088
1712268677.566757,-0.9362953901290894,0.3267485896746318,0.15544573465983072
1712268677.5677762,-0.7286006874508327,0.23496669199731615,0.11691135664780934
1712268677.5687952,-0.4904347327020433,0.11831260389751858,0.05210352440675099
1712268677.5698142,-0.2168941166665819,0.003760386672284868,-0.03511743826998605
1712268677.5708334,0.0797782176070743,-0.09816137452920277,-0.09886186156007978
1712268677.5718524,0.3792954815758599,-0.22004630830552843,-0.166809211174647
1712268677.5728717,0.6637493107053969,-0.29920147524939644,-0.22214776939815944
1712268677.5738907,0.9201780954996744,-0.34893612066904706,-0.2543702224890391
1712268677.57491,1.1321172449323866,-0.4186346795823839,-0.29429803291956586
1712268677.575929,1.2869554095798068,-0.47082106272379554,-0.3300229377216763
1712268677.5769482,1.3804888725280762,-0.4813283681869507,-0.343332224422031
1712268677.5779672,1.4043100674947102,-0.4666181405385335,-0.31706392765045166
1712268677.5789862,1.35351472430759,-0.45470982789993286,-0.29464827643500435
1712268677.5800054,1.241064469019572,-0.4018229908413357,-0.266278518570794
1712268677.5810244,1.068360341919793,-0.34193125036027694,-0.2288024127483368
1712268677.5820436,0.8420583936903212,-0.2939477894041273,-0.19903166426552665
1712268677.5830626,0.5639102061589559,-0.20848825573921204,-0.15665213267008463
1712268677.584082,0.25493451290660435,-0.09465893109639485,-0.09816137452920277
1712268677.585101,-0.07889794806639354,0.016721952706575394,-0.04492427325910992
1712268677.58612,-0.40392445193396675,0.11270759834183587,-0.019356457309590444
1712268677.5871391,-0.7019821140501235,0.23076294196976554,0.005511949873632855
1712268677.5881581,-0.9527568684683906,0.32219452990425956,0.04544758548339208
1712268677.5891774,-1.152396069632636,0.3947092427147759,0.07207134531603919
1712268677.5901964,-1.2868897120157878,0.4826376835505167,0.10885416633552975
1712268677.5912156,-1.3523854149712455,0.5351845754517449,0.14318479432000053
1712268677.5922346,-1.3562379942999945,0.5400889449649386,0.15124198463228014
1712268677.5932539,-1.303701400756836,0.5229236351119148,0.14808918039004007
1712268677.5942729,-1.1937248706817627,0.5043570862876045,0.15264324016041225
1712268677.5952919,-1.0417188538445366,0.4497083028157552,0.16245199574364555
1712268677.596311,-0.8469831943511963,0.36423203017976546,0.13722947902149624
1712268677.59733,-0.6109186675813463,0.27945641014311046,0.10359947052266863
1712268677.5983493,-0.34088051981396145,0.14738854434755114,0.05350477579567167
1712268677.5993683,-0.048076469037267894,-0.006397426542308595,-0.01375255174934864
1712268677.6003876,0.25108107262187535,-0.13318577574359045,-0.07084233065446217
1712268677.6014066,0.5393883254792955,-0.25086778733465404,-0.12092723614639705
1712268677.6024258,0.8003712362713283,-0.3720522258016798,-0.18011848131815592
1712268677.6034448,1.0249216026730008,-0.47012057569291854,-0.2568219270971086
1712268677.6044638,1.203230751885308,-0.5226571692360772,-0.306556589073605
1712268677.605483,1.318133274714152,-0.5657372209760878,-0.34018003278308445
1712268677.606502,1.3699795140160453,-0.5639859702852037,-0.3615449203385247
1712268677.6075213,1.357017887963189,-0.5096981591648525,-0.35068733824623954
1712268677.6085403,1.280649767981635,-0.45541031493080986,-0.3345761034223768
1712268677.6095595,1.1433272891574435,-0.3937673568725586,-0.31391170289781356
1712268677.6105785,0.9548590580622355,-0.30480537149641246,-0.2830902404255337
1712268677.6115975,0.7169967889785767,-0.18257018592622545,-0.2154931260479821
1712268677.6126168,0.433593922191196,-0.07854770455095503,-0.1436931060420142
1712268677.6136358,0.1253188567029105,0.04019289794895384,-0.08240039149920146
1712268677.614655,-0.1895750727918413,0.15824824571609497,-0.01795548117823071
1712268677.615674,-0.49253619379467434,0.2335654530260298,0.03178539375464121
1712268677.6166933,-0.7720309495925903,0.30292732848061454,0.07277196480168237
1712268677.6177123,-1.0066945023006864,0.37719359000523883,0.12356729143195681
1712268677.6187315,-1.1863696575164795,0.4311417539914449,0.16245199574364555
1712268677.6197505,-1.3082546657986112,0.4458548625310262,0.17191042502721152
1712268677.6207695,-1.3632429970635307,0.4574151833852132,0.15614637070231968
1712268677.6217887,-1.3534360461764865,0.4609183139271206,0.153694169388877
1712268677.6228077,-1.2865395016140408,0.42658769422107273,0.13652885953585306
1712268677.623827,-1.1692077583736844,0.4115242428249783,0.11796229415469699
1712268677.624846,-1.0003900527954102,0.38840360111660427,0.10430009828673469
1712268677.6258652,-0.7853402031792535,0.3134367201063368,0.06611602587832345
1712268677.6268842,-0.5289615856276618,0.22025356690088907,0.010416325595643785
1712268677.6279032,-0.23720827367570665,0.12882197896639505,-0.036168172955513
1712268677.6289225,0.07277196480168237,0.026530704150597252,-0.059284282227357224
1712268677.6299415,0.3782445523473951,-0.10481600960095723,-0.10306479202376471
1712268677.6309607,0.6704052289326986,-0.21093996034728155,-0.14789602822727627
1712268677.6319797,0.9306875202390883,-0.3195156322585212,-0.18887458576096428
1712268677.632999,1.141575707329644,-0.44210102823045516,-0.23545703954166836
1712268677.634018,1.295012633005778,-0.5209059516588846,-0.26837997966342503
1712268677.6350372,1.3797881868150499,-0.5555801259146796,-0.27643559707535637
1712268677.6360562,1.3906478881835938,-0.5744932757483588,-0.2844912144872877
1712268677.6370752,1.3352984852261014,-0.5751937627792358,-0.307957563135359
1712268677.6380944,1.222147544225057,-0.5198552211125692,-0.31671368413501316
1712268677.6391134,1.0546981626086764,-0.4491059316529168,-0.2985009882185194
1712268677.6401327,0.8322496546639336,-0.3531390428543091,-0.2746843794981639
1712268677.6411517,0.5632095866733127,-0.2039350734816657,-0.22740143868658277
1712268677.642171,0.26299170321888393,-0.055431595279110804,-0.16961115929815504
1712268677.64319,-0.049827690753671855,0.07312228282292683,-0.12407943606376648
1712268677.6442091,-0.3569917215241326,0.19643230570687187,-0.07329404354095459
1712268677.6452281,-0.6378874513838027,0.3274492091602749,-0.0011437657910088699
1712268677.6462471,-0.8862105343076918,0.42098267210854423,0.08117946485678355
1712268677.6472664,-1.0858496030171711,0.4826376835505167,0.1340766665008333
1712268677.6482854,-1.225947274102105,0.5348342657089233,0.1817191806104448
1712268677.6493046,-1.304401954015096,0.5292292767100863,0.20869324604670206
1712268677.6503236,-1.3282185130649142,0.48999425437715316,0.2114957571029663
1712268677.6513429,-1.2980975045098198,0.4612686236699422,0.21429825160238478
1712268677.6523619,-1.2168408764733207,0.4153776831097073,0.20939388208919102
1712268677.6533809,-1.0879511303371854,0.34566548135545516,0.1736619902981652
1712268677.6544,-0.914930502573649,0.2657941977183024,0.1039497885439131
1712268677.655419,-0.6893733474943373,0.1897763709227244,0.04299539658758375
1712268677.6564384,-0.42879177464379203,0.08748509817653231,-0.019006213794151943
1712268677.6574574,-0.1391399237844679,-0.0070979151253898936,-0.08415160907639398
1712268677.6584766,0.1621016694439782,-0.0743447740872701,-0.13143455816639793
1712268677.6594956,0.4640711347262064,-0.16856042875183952,-0.18221994241078696
1712268677.6605148,0.7474740346272787,-0.2753848665290409,-0.23825900422202215
1712268677.6615338,1.0011003414789836,-0.3559409909778171,-0.2816892663637797
1712268677.6625528,1.203580962287055,-0.4070766435729133,-0.28659267557991874
1712268677.663572,1.337750752766927,-0.4638161924150255,-0.28694291909535724
1712268677.664591,1.4036095142364502,-0.4848308033413357,-0.2897448672188653
1712268677.6656103,1.4043100674947102,-0.4848308033413357,-0.28098877933290267
1712268677.6666293,1.3342475891113281,-0.49253619379467434,-0.27258291840553284
1712268677.6676486,1.1993772453731961,-0.466968384053972,-0.25752241412798565
1712268677.6686676,1.0049537817637126,-0.3944678439034356,-0.2196960647900899
1712268677.6696866,0.752728713883294,-0.29990196228027344,-0.17976823780271742
1712268677.6707058,0.454612672328949,-0.20743752519289652,-0.15209895041253832
1712268677.6717248,0.13477729426489934,-0.08240039149920146,-0.13353601925902897
1712268677.672744,-0.19097604685359532,0.053154461913638644,-0.08975551360183291
1712268677.673763,-0.5044444733195834,0.1677066749996609,-0.049127203722794846
1712268677.6747823,-0.7828885316848755,0.30397829082277084,-0.0007935216934937569
1712268677.6758013,-1.0129988855785794,0.4311417539914449,0.06121165222591824
1712268677.6768205,-1.1839179197947185,0.4952489336331685,0.09904541075229645
1712268677.6778395,-1.2928438186645508,0.5344839559661018,0.12496853868166605
1712268677.6788585,-1.3380253314971924,0.5632095866733127,0.15474511517418754
1712268677.6798778,-1.3205132219526503,0.5688146087858412,0.1999354362487793
1712268677.6808968,-1.2574692567189534,0.5281783474816216,0.21079512106047735
1712268677.681916,-1.141888697942098,0.48719174332088894,0.2058907515472836
1712268677.682935,-0.980075928899977,0.41187455256779987,0.18347074588139853
1712268677.6839542,-0.7755333847469753,0.28751356734169853,0.13512760400772095
1712268677.6849732,-0.5349157253901163,0.17716512084007263,0.08258072038491567
1712268677.6859925,-0.2645273009936015,0.06891852865616481,0.037390395171112485
1712268677.6870115,0.017772890213463042,-0.05998476925823423,-0.022858898672792647
1712268677.6880305,0.3088826603359646,-0.19622971614201862,-0.10901894006464216
1712268677.6890497,0.5940371089511447,-0.2960492836104499,-0.1902755598227183
1712268677.6900687,0.856421258714464,-0.3951683309343126,-0.24596436156166923
1712268677.691088,1.0739653640323215,-0.47362301084730357,-0.30060244931115043
1712268677.692107,1.236860752105713,-0.4904347327020433,-0.32652050256729126
1712268677.6931262,1.3426551553938124,-0.5002415511343214,-0.34088051981396145
1712268677.6941452,1.3822404543558757,-0.504794716835022,-0.35489026043150157
1712268677.6951642,1.3559669918484158,-0.48693229754765827,-0.3555907474623786
1712268677.6961834,1.2690895133548312,-0.4210863841904534,-0.3233683109283447
1712268677.6972024,1.118104722764757,-0.3538395298851861,-0.2645273009936015
1712268677.6982217,0.9075668785307143,-0.27258291840553284,-0.2196960647900899
1712268677.6992407,0.6462336911095513,-0.1619057854016622,-0.16120529837078518
1712268677.70026,0.3516207800971137,-0.07889794806639354,-0.11077015764183468
1712268677.701279,0.03388726876841651,0.0020088237296375963,-0.06733989550007714
1712268677.7022982,-0.2879936496416728,0.11480947335561116,-0.00849889125674963
1712268677.7033172,-0.5948074658711752,0.2195529474152459,0.0500016493929757
1712268677.7043362,-0.8693987793392605,0.29907388819588554,0.08748509817653231
1712268677.7053554,-1.0928545395533245,0.3614295522371928,0.09519197046756744
1712268677.7063744,-1.2504643864101834,0.42868955267800224,0.11305791636308034
1712268677.7073936,-1.3436292277442083,0.4532114333576626,0.1263697942097982
1712268677.7084126,-1.3723492622375488,0.4805358250935872,0.131974791487058
1712268677.709432,-1.3422282536824544,0.5131148960855272,0.14703823460472953
1712268677.710451,-1.2536165449354384,0.49805144468943274,0.14318479432000053
1712268677.71147,-1.1152701907687717,0.4469058248731825,0.11551010111967722
1712268677.7124891,-0.9261383612950642,0.38875391085942584,0.08503290514151256
1712268677.7135081,-0.6925255722469753,0.3200926383336385,0.07417322032981448
1712268677.7145274,-0.42879177464379203,0.21079512106047735,0.04825008412202199
1712268677.7155464,-0.1387896802690294,0.09694353573852114,0.0034100740837554135
1712268677.7165656,0.16560479998588562,-0.021107676956388686,-0.04177207748095194
1712268677.7175846,0.46862519449657863,-0.1780170202255249,-0.10201405319902632
1712268677.7186038,0.7478243112564087,-0.31671368413501316,-0.1619057854016622
1712268677.7196229,0.9898902972539265,-0.41548248794343734,-0.20008239481184217
1712268677.7206419,1.1766069465213351,-0.49568838543362087,-0.23475655251079136
1712268677.721661,1.3016684850056965,-0.5646864573160807,-0.2823897533946567
1712268677.72268,1.3664763503604465,-0.588152805964152,-0.33177415529886883
1712268677.7236993,1.368227932188246,-0.5762445264392428,-0.34543368551466197
1712268677.7247183,1.3058723343743217,-0.5506767166985406,-0.3524385558234321
1712268677.7257376,1.1787088712056477,-0.4627654287550184,-0.33597707748413086
1712268677.7267566,0.9916418790817261,-0.34543368551466197,-0.2967497706413269
1712268677.7277758,0.7611362139383951,-0.24386290046903822,-0.25857316123114693
1712268677.7287948,0.48824270566304523,-0.12898285355832842,-0.2175946036974589
1712268677.7298138,0.19257886542214286,0.004110699260814322,-0.15665213267008463
1712268677.730833,-0.11497308810551961,0.14038229982058206,-0.06733989550007714
1712268677.731852,-0.4203858971595764,0.2398710780673557,0.004461011849343777
1712268677.7328713,-0.6991801659266154,0.3516207800971137,0.06821790503131019
1712268677.7338903,-0.9383968512217203,0.42098267210854423,0.1253188567029105
1712268677.7349095,-1.1254272196027968,0.4398995637893677,0.15649668044514126
1712268677.7359285,-1.2543169657389324,0.46372082498338485,0.1817191806104448
1712268677.7369475,-1.3247161441379123,0.4808861348364088,0.2111454473601447
1712268677.7379668,-1.3422282536824544,0.466172993183136,0.21885231137275696
1712268677.7389858,-1.303701400756836,0.425887041621738,0.1838210556242201
1712268677.740005,-1.2031813462575276,0.3978620635138618,0.14598730537626478
1712268677.741024,-1.053627199596829,0.3435635897848341,0.11305791636308034
1712268677.7420433,-0.8588914738761054,0.2717495130168067,0.06156196196873982
1712268677.7430623,-0.6196747885810004,0.22060387664371067,0.019524453414811026
1712268677.7440815,-0.34193125036027694,0.14353510406282213,-0.021107676956388686
1712268677.7451005,-0.04317305154270596,0.030033830553293228,-0.08275063501463996
1712268677.7461195,0.26964763800303143,-0.08345112204551697,-0.14614481065008375
1712268677.7471387,0.5768717659844292,-0.17486482858657837,-0.18502190709114075
1712268677.7481577,0.852918095058865,-0.2792375617557102,-0.20253409941991168
1712268677.749177,1.0827231407165527,-0.3717019822862413,-0.23510679602622986
1712268677.750196,1.2592807081010606,-0.43194396628273857,-0.2533194919427236
1712268677.7512152,1.3703298568725586,-0.502693255742391,-0.27293316192097133
1712268677.7522342,1.4137685298919678,-0.5541791518529257,-0.2914960847960578
1712268677.7532535,1.383992036183675,-0.5485752556059096,-0.2841409709718492
1712268677.7542725,1.2876559628380668,-0.5167030294736227,-0.26277608341640896
1712268677.7552915,1.1237096786499023,-0.4715215497546726,-0.24946681327290005
1712268677.7563107,0.9061656395594279,-0.39937125311957467,-0.24946681327290005
1712268677.7573297,0.6472845872243246,-0.2830902404255337,-0.22459947400622898
1712268677.758349,0.3512704703542921,-0.17241310742166308,-0.18852434224552578
1712268677.759368,0.03388726876841651,-0.028112559682793088,-0.14789602822727627
1712268677.7603872,-0.28554194503360325,0.14213386509153578,-0.08485209610727099
1712268677.7614062,-0.5825489097171359,0.2717495130168067,-0.029513535814152822
1712268677.7624252,-0.8452319436603122,0.3712382912635803,0.014269764845569927
1712268677.7634444,-1.0543276866277058,0.4612686236699422,0.060861338343885206
1712268677.7644634,-1.2014301617940266,0.5365858475367228,0.1302232344945272
1712268677.7654827,-1.2949453459845648,0.5586555269029405,0.18417136536704168
1712268677.7665017,-1.3278683026631672,0.5625089671876695,0.21009450157483417
1712268677.767521,-1.302300426695082,0.5477958255343967,0.22725981142785814
1712268677.76854,-1.2287492222256131,0.4749308029810587,0.21710074610180324
1712268677.7695591,-1.1079150438308716,0.3947092427147759,0.19082731670803493
1712268677.7705781,-0.9390974044799805,0.3214939104186164,0.16910793052779302
1712268677.7715971,-0.7317529122034708,0.22936168644163343,0.12882197896639505
1712268677.7726164,-0.4886835151248508,0.11025541358523898,0.057708525823222265
1712268677.7736354,-0.21269117792447406,0.005511949873632855,-0.03126475546095106
1712268677.7746546,0.08433228565586938,-0.09956234859095679,-0.09746088749832577
1712268677.7756736,0.38384954134623206,-0.2168941166665819,-0.17136237687534756
1712268677.7766929,0.6679530276192559,-0.2893946237034268,-0.22705119517114428
1712268677.7777119,0.9219296773274739,-0.3464844160609775,-0.26417705747816295
1712268677.7787309,1.13316814104716,-0.41548248794343734,-0.3069068325890435
1712268677.77975,1.2841529316372342,-0.4652171664767795,-0.34088051981396145
1712268677.780769,1.376635366015964,-0.47922690709431964,-0.35103758176167804
1712268677.7817883,1.4004566934373643,-0.46906984514660305,-0.3209166063202752
1712268677.7828074,1.35351472430759,-0.46031372414694893,-0.29885123173395794
1712268677.7838266,1.241765022277832,-0.40462493896484375,-0.26802973614798653
1712268677.7848456,1.0697615808910794,-0.3531390428543091,-0.22985314329465228
1712268677.7858648,0.8438099755181206,-0.306556589073605,-0.19728044668833414
1712268677.7868838,0.5674133698145548,-0.21374190847078958,-0.1534999410311381
1712268677.7879028,0.2552848226494259,-0.09886186156007978,-0.09500917461183336
1712268677.788922,-0.07679648697376251,0.011116951290104125,-0.04562476028998693
1712268677.789941,-0.40462493896484375,0.11270759834183587,-0.022858898672792647
1712268677.7909603,-0.7009314166174995,0.2360176377826267,0.004110699260814322
1712268677.7919793,-0.9541578425301446,0.3285001715024312,0.042294772962729134
1712268677.7929986,-1.150644752714369,0.40626956356896293,0.07067008978790706
1712268677.7940176,-1.2854887379540336,0.4984017544322544,0.11060572332806057
1712268677.7950368,-1.3495834668477376,0.5481461352772182,0.14353510406282213
1712268677.7960558,-1.3562379942999945,0.5470952060487535,0.15054136514663696
1712268677.7970748,-1.303701400756836,0.5309808254241943,0.14808918039004007
1712268677.798094,-1.1940750810835097,0.5120639668570625,0.15684699018796286
1712268677.799113,-1.0406681564119127,0.4511095749007331,0.16350292497211033
1712268677.8001323,-0.8448817332585652,0.36808547046449447,0.13898104429244995
1712268677.8011513,-0.6077665090560913,0.2798067198859321,0.10885416633552975
1712268677.8021705,-0.3342258599069383,0.14423574010531107,0.05595696055226856
1712268677.8031895,-0.04492427325910992,-0.003595474279589123,-0.011300844036870532
1712268677.8042085,0.2535332573784722,-0.1300335841046439,-0.0624364780055152
1712268677.8052278,0.5428914560212029,-0.24771559569570753,-0.11041991412639618
1712268677.8062468,0.8003712362713283,-0.3692502776781718,-0.17171262039078605
1712268677.807266,1.0249216026730008,-0.466968384053972,-0.24736533562342325
1712268677.808285,1.2021797233157687,-0.5212561951743232,-0.2967497706413269
1712268677.8093042,1.3184834851158989,-0.5713411172231039,-0.33212439881430733
1712268677.8103232,1.3710304101308186,-0.5674884054395888,-0.35489026043150157
1712268677.8113425,1.3577185736762152,-0.5093479156494141,-0.3464844160609775
1712268677.8123615,1.283452245924208,-0.46031372414694893,-0.33562683396869236
1712268677.8133805,1.1468303203582764,-0.3969195485115051,-0.3216170933511522
1712268677.8143997,0.9559100204043918,-0.3055058585272895,-0.2914960847960578
1712268677.8154187,0.7169967889785767,-0.18327067295710245,-0.22039655182096693
1712268677.816438,0.43254299296273124,-0.08169990446832445,-0.14964724580446878
1712268677.817457,0.12356729143195681,0.03984258406692081,-0.08695356547832489
1712268677.8184762,-0.19342775146166483,0.15684699018796286,-0.018655968209107716
1712268677.8194952,-0.4991908205880059,0.2276101377275255,0.03423758265044954
1712268677.8205142,-0.7776348458396064,0.29802295896742076,0.07662540508641137
1712268677.8215334,-1.0094964504241943,0.37684328026241726,0.13127417200141483
1712268677.8225524,-1.1912731329600017,0.42378518316480845,0.1736619902981652
1712268677.8235717,-1.3110566139221191,0.43639643324746025,0.17926699585384792
1712268677.8245907,-1.3649941815270317,0.4532114333576626,0.16350292497211033
1712268677.82561,-1.3548370202382405,0.4553133249282837,0.1621016694439782
1712268677.826629,-1.2889912393358018,0.42483611239327324,0.1400319900777605
1712268677.8276482,-1.1720097064971924,0.4146770636240641,0.12006416916847229
1712268677.8286672,-1.0003900527954102,0.3891042206022474,0.10359947052266863
1712268677.8296862,-0.7849899927775065,0.317990779876709,0.05805883970525529
1712268677.8307054,-0.5289615856276618,0.22305606140030754,0.004110699260814322
1712268677.8317244,-0.23755851719114515,0.13512760400772095,-0.040721346934636436
1712268677.8327436,0.06996946202384101,0.02863258123397827,-0.06348720855183071
1712268677.8337626,0.3754420412911309,-0.10236429671446481,-0.10726771420902675
1712268677.834782,0.6690039899614122,-0.206386794646581,-0.14719554119639927
1712268677.835801,0.9313881397247314,-0.32582001553641426,-0.18642288115289476
1712268677.8368201,1.1450787385304768,-0.4533088538381788,-0.23265509141816032
1712268677.8378391,1.2960635291205511,-0.5272103680504693,-0.26347657044728595
1712268677.8388581,1.380138529671563,-0.5646864573160807,-0.2739838924672868
1712268677.8398774,1.3927498128679063,-0.582899186346266,-0.2844912144872877
1712268677.8408964,1.3395023345947266,-0.5783459875318739,-0.30935853719711304
1712268677.8419156,1.2274022897084553,-0.5191547340816921,-0.3160131639904446
1712268677.8429346,1.0578509834077623,-0.4484054446220398,-0.29885123173395794
1712268677.8439538,0.8333006170060899,-0.3478853901227315,-0.2750346230136024
1712268677.8449728,0.5632095866733127,-0.1916765338844723,-0.2284521692328983
1712268677.8459918,0.2650935782326592,-0.04142183396551344,-0.17101213335990906
1712268677.847011,-0.048076469037267894,0.08223041064209408,-0.12407943606376648
1712268677.84803,-0.35454001691606307,0.2097441918320126,-0.07329404354095459
1712268677.8490493,-0.6364864773220485,0.3404107689857483,0.004110699260814322
1712268677.8500683,-0.8848095602459377,0.4300907916492886,0.08503290514151256
1712268677.8510876,-1.0830476548936632,0.4896439446343316,0.13722947902149624
1712268677.8521066,-1.223145325978597,0.5383373962508308,0.18557262089517382
1712268677.8531258,-1.300549242231581,0.5295795864529079,0.20939388208919102
1712268677.8541448,-1.3268175390031602,0.4913955264621311,0.21254668633143106
1712268677.8551638,-1.2938945823245578,0.46792457501093543,0.21640012661616007
1712268677.856183,-1.2140389283498128,0.4251864221360948,0.2114957571029663
1712268677.857202,-1.0890018277698092,0.3530220521820916,0.17716512084007263
1712268677.8582213,-0.9121285544501411,0.2731507685449388,0.10885416633552975
1712268677.8592403,-0.6865713993708292,0.19888449046346876,0.05210352440675099
1712268677.8602595,-0.4249390959739685,0.09098822044001685,-0.012701820168230269
1712268677.8612785,-0.1370384626918369,0.002709448906696505,-0.07714673048920101
1712268677.8622975,0.16560479998588562,-0.06523843026823467,-0.12337894075446658
1712268677.8633168,0.47072705295350814,-0.16610872414377,-0.1780170202255249
1712268677.8643358,0.7562318113115098,-0.27188243137465584,-0.23860924773746067
1712268677.865355,1.0088072220484416,-0.3524385558234321,-0.2837907274564107
1712268677.866374,1.2095362610287137,-0.4028737213876512,-0.2897448672188653
1712268677.8673933,1.3412537839677598,-0.4631156722704569,-0.29499851995044285
1712268677.8684123,1.4064119921790228,-0.4823790987332662,-0.2985009882185194
1712268677.8694315,1.4050107532077365,-0.4820288552178277,-0.2890443801879883
1712268677.8704505,1.3366997241973877,-0.4953381419181824,-0.2816892663637797
1712268677.8714695,1.1993772453731961,-0.4666181405385335,-0.26347657044728595
1712268677.8724887,1.0000493791368272,-0.39201613929536605,-0.22074679533640543
1712268677.8735077,0.7464230722851223,-0.307257076104482,-0.17731653319464788
1712268677.874527,0.4497083028157552,-0.21374190847078958,-0.1503477328353458
1712268677.875546,0.13092385398017034,-0.08905502657095592,-0.1300335841046439
1712268677.8765652,-0.1913262903690338,0.0461482091082467,-0.08485209610727099
1712268677.8775842,-0.5016425251960754,0.16350292497211033,-0.04562476028998693
1712268677.8786035,-0.7814875576231215,0.30467891030841404,0.003760386672284868
1712268677.8796225,-1.0129988855785794,0.4262373844782511,0.06016071471903059
1712268677.8806415,-1.1853188938564725,0.49594958623250324,0.09624290797445509
1712268677.8816607,-1.2949453459845648,0.5341336462232802,0.11796229415469699
1712268677.8826797,-1.3369745678371854,0.5709164672427707,0.14914010961850485
1712268677.883699,-1.3247161441379123,0.5754705270131429,0.19327950146463183
1712268677.884718,-1.2613219685024686,0.5344839559661018,0.201687001519733
1712268677.8857372,-1.14609162012736,0.49419800440470374,0.19888449046346876
1712268677.8867562,-0.9835783640543619,0.40837142202589244,0.17821605006853738
1712268677.8877752,-0.7786856094996134,0.28506139914194745,0.13092385398017034
1712268677.8887944,-0.541570352183448,0.1736619902981652,0.08573353290557861
1712268677.8898134,-0.27188243137465584,0.06016071471903059,0.042294772962729134
1712268677.8908327,0.014620076657997238,-0.06944135659270816,-0.019006213794151943
1712268677.8918517,0.30678076876534355,-0.20463556051254272,-0.10726771420902675
1712268677.892871,0.595088005065918,-0.302353666888343,-0.18327067295710245
1712268677.89389,0.8574721548292372,-0.4032239649030897,-0.24106095234553018
1712268677.8949091,1.0746659835179646,-0.47747568951712716,-0.2985009882185194
1712268677.8959281,1.241064469019572,-0.48728254106309676,-0.32617025905185276
1712268677.8969471,1.345107290479872,-0.4949878984027439,-0.3384288152058919
1712268677.8979664,1.383641693327162,-0.5016425251960754,-0.3552405039469401
1712268677.8989854,1.357017887963189,-0.4764249589708116,-0.3566414780086941
1712268677.9000046,1.271891991297404,-0.4123302963044908,-0.3195156322585212
1712268677.9010236,1.1167034837934706,-0.35173806879255504,-0.26417705747816295
1712268677.9020429,0.9051146772172716,-0.27328340543640983,-0.22004630830552843
1712268677.9030619,0.6483355495664809,-0.164707750082016,-0.16400726305113897
1712268677.9040809,0.35547422038184273,-0.08380136556095547,-0.11077015764183468
1712268677.9051,0.03774070905314551,-0.002544741922368606,-0.06663940432998869
1712268677.906119,-0.28484145800272626,0.11095604134930505,-0.006047182509468662
1712268677.9071383,-0.5948074658711752,0.21780138214429218,0.05420539942052629
1712268677.9081573,-0.8707997534010146,0.29416951868269176,0.08818571766217549
1712268677.9091766,-1.0932047499550712,0.36423203017976546,0.0979944732454088
1712268677.9101956,-1.2483628590901692,0.4328933027055528,0.12076478865411547
1712268677.9112148,-1.3390760951571994,0.4619692431555854,0.13442698452207777
1712268677.9122338,-1.3702478673723009,0.4952489336331685,0.14318479432000053
1712268677.9132528,-1.3387258847554524,0.5218727058834499,0.15614637070231968
1712268677.914272,-1.2494136227501762,0.5012042654885186,0.149840729104148
1712268677.915291,-1.1124682426452637,0.4497083028157552,0.12216604418224758
1712268677.9163103,-0.9240369002024332,0.38840360111660427,0.09133853018283844
1712268677.9173293,-0.6914748085869683,0.3207932909329732,0.07697571482923296
1712268677.9183486,-0.4263400700357225,0.20939388208919102,0.0461482091082467
1712268677.9193676,-0.13458675808376735,0.10079697602325015,-0.0018442538566887379
1712268677.9203868,0.1698085500134362,-0.02215840957230992,-0.04877696020735635
1712268677.9214058,0.47212832503848606,-0.18537215060657924,-0.11006967061095767
1712268677.9224248,0.7502765125698513,-0.31811465819676715,-0.16891067226727804
1712268677.923444,0.9902406401104397,-0.4168834620051914,-0.2021838559044732
1712268677.924463,1.176256603664822,-0.4998913076188829,-0.23545703954166836
1712268677.9254823,1.3023691707187228,-0.5695898665322198,-0.2816892663637797
1712268677.9265013,1.3710304101308186,-0.5920055177476671,-0.32582001553641426
1712268677.9275205,1.3738328880733914,-0.5783459875318739,-0.33597707748413086
1712268677.9285395,1.3086748123168945,-0.5517274472448561,-0.33982978926764595
1712268677.9295585,1.1829125881195068,-0.4652171664767795,-0.32266782389746773
1712268677.9305778,1.0018009609646268,-0.34998685121536255,-0.2844912144872877
1712268677.9315968,0.7691933711369832,-0.24736533562342325,-0.25366973545816207
1712268677.932616,0.49875206417507595,-0.13318577574359045,-0.2168941166665819
1712268677.933635,0.2037888765335083,0.012167888796991771,-0.15595164563920763
1712268677.9346542,-0.10971942709551917,0.14213386509153578,-0.06769013901551564
1712268677.9356732,-0.41898492309782237,0.24582639336585999,-0.002894986213909255
1712268677.9366925,-0.7016319036483765,0.35932766066657174,0.06121165222591824
1712268677.9377115,-0.9401481019126045,0.42483611239327324,0.11656103862656488
1712268677.9387305,-1.1275286144680448,0.4420014222462972,0.14843949013286167
1712268677.9397497,-1.2599209944407146,0.46757426526811385,0.18101856112480164
1712268677.9407687,-1.3303200403849285,0.4805358250935872,0.2121963765886095
1712268677.941788,-1.3460809654659696,0.4616189334127638,0.21675043635898167
1712268677.942807,-1.306153138478597,0.42063236236572266,0.1820694903532664
1712268677.9438262,-1.2063336372375488,0.3922570414013333,0.14843949013286167
1712268677.9448452,-1.056429147720337,0.3313026494450039,0.11480947335561116
1712268677.9458644,-0.8585412634743584,0.266144507461124,0.06331352723969354
1712268677.9468834,-0.6172230508592393,0.2234063876999749,0.02442882913682196
1712268677.9479024,-0.34193125036027694,0.14248417483435735,-0.020407189925511677
1712268677.9489217,-0.041071590450074934,0.03143508194221391,-0.08695356547832489
1712268677.9499407,0.2689470185173882,-0.07854770455095503,-0.14964724580446878
1712268677.95096,0.5761711464987861,-0.16891067226727804,-0.18292042944166395
1712268677.951979,0.8515168560875787,-0.27328340543640983,-0.2039350734816657
1712268677.9529982,1.0820225212309096,-0.36784930361641777,-0.23650777008798388
1712268677.9540172,1.2578794691297743,-0.4263400700357225,-0.2568219270971086
1712268677.9550362,1.371731095843845,-0.503393742773268,-0.27678584059079486
1712268677.9560554,1.4134181870354545,-0.5580317974090576,-0.2928970588578118
1712268677.9570744,1.387144856982761,-0.5531284213066101,-0.2827399969100952
1712268677.9580936,1.2894075446658664,-0.5219566822052002,-0.25857316123114693
1712268677.9591126,1.125461260477702,-0.47992739412519664,-0.24981705678833854
1712268677.960132,0.9093184603585137,-0.39972149663501316,-0.24876632624202305
1712268677.961151,0.6504374080234103,-0.2820395098792182,-0.2189955777592129
1712268677.9621701,0.3551239106390211,-0.166809211174647,-0.18292042944166395
1712268677.9631891,0.03563883403937022,-0.016904748562309477,-0.1377389497227139
1712268677.9642081,-0.28484145800272626,0.15159229437510172,-0.07259355651007758
1712268677.9652274,-0.5814982122845119,0.27910606728659737,-0.020407189925511677
1712268677.9662464,-0.8445314566294352,0.3803464108043247,0.02337789162993431
1712268677.9672656,-1.052226225535075,0.47037674321068657,0.07067008978790706
1712268677.9682846,-1.2000291877322726,0.5435920755068461,0.1400319900777605
1712268677.9693038,-1.2938945823245578,0.5600567658742269,0.18662355012363857
1712268677.9703228,-1.3271677494049072,0.5705661243862575,0.21079512106047735
1712268677.9713418,-1.30580292807685,0.5495474073621962,0.22515793641408283
1712268677.972361,-1.232251591152615,0.4710773958100213,0.21044481131765577
1712268677.97338,-1.1086155308617485,0.3961104816860623,0.182419800096088
1712268677.9743993,-0.9401481019126045,0.32709889941745335,0.16105074021551344
1712268677.9754183,-0.7335040966669718,0.23251450724071926,0.12041447891129388
1712268677.9764376,-0.49323668082555133,0.11305791636308034,0.04754946049716737
1712268677.9774566,-0.21654387315114337,0.00831445058186849,-0.03546768592463599
1712268677.9784758,0.08047884537114038,-0.10096332265271081,-0.09676039218902588
1712268677.9794948,0.38174768288930255,-0.2189955777592129,-0.166809211174647
1712268677.9805138,0.6676027509901259,-0.2883438931571113,-0.2193458212746514
1712268677.981533,0.9254327747556899,-0.3464844160609775,-0.2550707095199161
1712268677.982552,1.1366713047027588,-0.4203858971595764,-0.2974502576722039
1712268677.9835713,1.2922100226084392,-0.4715215497546726,-0.3345761034223768
1712268677.9845903,1.3850429322984483,-0.47747568951712716,-0.33982978926764595
1712268677.9856095,1.4060616493225098,-0.47362301084730357,-0.31321121586693657
1712268677.9866285,1.3573682308197021,-0.4589127500851949,-0.2981507447030809
1712268677.9876478,1.2442172898186576,-0.4028737213876512,-0.26802973614798653
1712268677.9886668,1.072213782204522,-0.35068733824623954,-0.23685801360342237
1712268677.9896858,0.8448609378602769,-0.30340439743465847,-0.2060365511311425
1712268677.990705,0.568113989300198,-0.20848825573921204,-0.15910383727815416
1712268677.991724,0.2552848226494259,-0.09395844406551784,-0.09641014867358737
1712268677.9927433,-0.08064916564358605,0.01321882630387942,-0.04702573849095239
1712268677.9937623,-0.40637615654203624,0.11480947335561116,-0.02250865308774842
1712268677.9947815,-0.7033830881118774,0.23671825726826984,0.010416325595643785
1712268677.9958005,-0.9531071450975206,0.32604797018898857,0.04965133551094267
1712268677.9968195,-1.150644752714369,0.4066198733117845,0.07907758984300825
1712268677.9978387,-1.2833873430887859,0.49665020571814644,0.11866291364034016
1712268677.9988577,-1.3513346513112385,0.5414902170499166,0.15054136514663696
1712268677.999877,-1.3572887579600017,0.5432417657640245,0.15264324016041225
1712268678.000896,-1.306153138478597,0.5323820975091722,0.14843949013286167
1712268678.0019152,-1.1954760551452637,0.5141658253139919,0.1578979194164276
1712268678.0029342,-1.0431198279062908,0.4549630151854621,0.16175135970115662
1712268678.0039535,-0.8476836813820733,0.37298983997768825,0.13302572899394566
1712268678.0049725,-0.6112689442104763,0.2899657686551412,0.10079697602325015
1712268678.0059915,-0.34193125036027694,0.1438854303624895,0.04895071188608805
1712268678.0070107,-0.0484267125527064,-0.0070979151253898936,-0.01795548117823071
1712268678.0080297,0.24932950735092163,-0.12933309707376692,-0.06804038253095415
1712268678.009049,0.5362355377939012,-0.2529692484272851,-0.11637406216727363
1712268678.010068,0.7972184154722426,-0.38080834680133396,-0.1780170202255249
1712268678.0110872,1.0238706403308444,-0.4764249589708116,-0.2554209530353546
1712268678.0121062,1.2014791700575087,-0.5279108550813463,-0.30060244931115043
1712268678.0131252,1.3177829318576388,-0.5730923016866049,-0.3338756163914998
1712268678.0141444,1.3696291711595323,-0.5622347858217027,-0.35103758176167804
1712268678.0151634,1.3566675451066759,-0.5075966980722215,-0.34123076332939994
1712268678.0161827,1.283802588780721,-0.45681128899256385,-0.3328248858451843
1712268678.0172017,1.1447285281287298,-0.3955185744497511,-0.31671368413501316
1712268678.018221,0.9559100204043918,-0.29955171876483494,-0.2844912144872877
1712268678.01924,0.7152452733781602,-0.17941799428727892,-0.20953898628552753
1712268678.0202591,0.4318423734770881,-0.07784721752007802,-0.14334286252657572
1712268678.0212781,0.12181572616100311,0.04754946049716737,-0.08064916564358605
1712268678.0222971,-0.19482874208026463,0.15684699018796286,-0.017605237662792206
1712268678.0233164,-0.4988405770725674,0.22445731692843968,0.02828226735194524
1712268678.0243354,-0.7765841484069824,0.30187639925214976,0.07277196480168237
1712268678.0253546,-1.0112476348876953,0.377543932861752,0.1277710414595074
1712268678.0263736,-1.1923238966200087,0.4241354929076301,0.16560479998588562
1712268678.0273929,-1.315259536107381,0.4398995637893677,0.16875762078497145
1712268678.0284119,-1.3688468933105469,0.4616189334127638,0.157547609673606
1712268678.029431,-1.3597404956817627,0.4609183139271206,0.15859855545891655
1712268678.03045,-1.2935443719228108,0.4300907916492886,0.13933135403527153
1712268678.031469,-1.1741111013624403,0.4262373844782511,0.12496853868166605
1712268678.0324883,-1.0031920671463013,0.39540986220041907,0.10990510384241739
1712268678.0335073,-0.7870914538701375,0.31413733959198,0.06576571613550186
1712268678.0345266,-0.5307128032048544,0.2199032571580675,0.011116951290104125
1712268678.0355456,-0.23755851719114515,0.1337263567580117,-0.033366220692793526
1712268678.0365648,0.07207134531603919,0.02442882913682196,-0.05788330402639177
1712268678.0375838,0.37894517183303833,-0.10376527905464172,-0.10656722717814975
1712268678.0386028,0.6732077731026543,-0.20953898628552753,-0.1485965152581533
1712268678.039622,0.9348912371529473,-0.3303731812371148,-0.19657995965745714
1712268678.040641,1.1433272891574435,-0.45576055844624835,-0.24386290046903822
1712268678.0416603,1.295012633005778,-0.5286113421122233,-0.2746843794981639
1712268678.0426793,1.3797881868150499,-0.5604835351308187,-0.2820395098792182
1712268678.0436985,1.3899473349253337,-0.583599673377143,-0.2918463283114963
1712268678.0447176,1.3391519917382133,-0.5772952238718668,-0.31391170289781356
1712268678.0457368,1.225650707880656,-0.5191547340816921,-0.31426194641325206
1712268678.0467558,1.0546981626086764,-0.4526083668073018,-0.2939477894041273
1712268678.0477748,0.8308484156926472,-0.34963660769992405,-0.2673292491171095
1712268678.048794,0.5621586243311564,-0.19552922911114162,-0.2154931260479821
1712268678.049813,0.2657941977183024,-0.054030621217356786,-0.16120529837078518
1712268678.0508323,-0.04667549497551388,0.07382290230857001,-0.11602381865183511
1712268678.0518513,-0.3552405039469401,0.1995851265059577,-0.06593891729911168
1712268678.0528705,-0.6350855032602946,0.3327039215299818,0.009365388088756137
1712268678.0538895,-0.8841090732150607,0.4216832915941874,0.0860838426484002
1712268678.0549085,-1.0826974444919162,0.4896439446343316,0.13582823177178702
1712268678.0559278,-1.225246720843845,0.5442926949924892,0.1838210556242201
1712268678.0569468,-1.30510237481859,0.5292292767100863,0.20659137103292677
1712268678.057966,-1.3296194871266682,0.49594958623250324,0.20799262656105888
1712268678.058985,-1.299148268169827,0.4731792542669508,0.21499887108802795
1712268678.0600042,-1.218942403793335,0.4213329818513658,0.21044481131765577
1712268678.0610232,-1.0921540525224473,0.34636610084109837,0.17261106106970045
1712268678.0620425,-0.914930502573649,0.27069858378834194,0.10710260106457604
1712268678.0630615,-0.6893733474943373,0.19468074043591815,0.05385508553849326
1712268678.0640805,-0.42809128761291504,0.08748509817653231,-0.008148647223909697
1712268678.0650997,-0.13633797566095987,0.004110699260814322,-0.06944135659270816
1712268678.0661187,0.16875762078497145,-0.06769013901551564,-0.11462284459008111
1712268678.067138,0.4735295640097724,-0.16961115929815504,-0.17311359445254007
1712268678.068157,0.7579833931393093,-0.27573511004447937,-0.23335557844903734
1712268678.0691762,1.0116096999910142,-0.34928636418448555,-0.27608535355991787
1712268678.0701952,1.2098866038852267,-0.4014727473258972,-0.2788873182402717
1712268678.0712144,1.3423048125372992,-0.46031372414694893,-0.28729316261079574
1712268678.0722334,1.4081635740068223,-0.47817617654800415,-0.2893946237034268
1712268678.0732524,1.4053610960642497,-0.4841303163104587,-0.2823897533946567
1712268678.0742717,1.3363495137956407,-0.4984903335571289,-0.2795878052711487
1712268678.0752907,1.1990269025166829,-0.46871960163116455,-0.2599741352929009
1712268678.07631,1.0000493791368272,-0.3976200355423821,-0.22039655182096693
1712268678.077329,0.7460727294286092,-0.3076073196199205,-0.18221994241078696
1712268678.0783482,0.4486573735872904,-0.2147926390171051,-0.16085505485534668
1712268678.0793672,0.1302232344945272,-0.08310087853007846,-0.13808919323815239
1712268678.0803862,-0.19482874208026463,0.0440463340944714,-0.09045600063270992
1712268678.0814054,-0.5075966980722215,0.16245199574364555,-0.051578912470075816
1712268678.0824244,-0.7881421513027614,0.3109845187928941,0.0020088237296375963
1712268678.0834436,-1.0172018077638414,0.4307914442486233,0.06261290361483891
1712268678.0844626,-1.1874204211764865,0.4934973849190606,0.09869510100947486
1712268678.085482,-1.29879805776808,0.5379870865080092,0.12496853868166605
1712268678.086501,-1.3408272796207004,0.5695152282714844,0.15929917494455972
1712268678.0875201,-1.3268175390031602,0.5674133698145548,0.20273793074819776
1712268678.0885391,-1.2623725997077093,0.5288789669672648,0.20694168077574834
1712268678.0895581,-1.1453910668690999,0.493147075176239,0.201687001519733
1712268678.0905774,-0.9842788510852389,0.40626956356896293,0.17926699585384792
1712268678.0915964,-0.7790358199013604,0.2808576491143968,0.12707042197386423
1712268678.0926156,-0.5394688910908169,0.17576386531194052,0.0780266523361206
1712268678.0936346,-0.2694307267665863,0.06436446474658118,0.030734456247753568
1712268678.0946538,0.015320702352457576,-0.06453794323735766,-0.03196524249182807
1712268678.0956728,0.30678076876534355,-0.19657995965745714,-0.11917601856920454
1712268678.0966918,0.5929861466089884,-0.29499851995044285,-0.1895750727918413
1712268678.097711,0.8550199535157945,-0.3972697920269436,-0.24596436156166923
1712268678.09873,1.0743156406614516,-0.46451667944590247,-0.2967497706413269
1712268678.0997493,1.2400135729047987,-0.4806278811560737,-0.31811465819676715
1712268678.1007683,1.3468588723076713,-0.4953381419181824,-0.33247464232974583
1712268678.1017876,1.3864441712697346,-0.5037439862887064,-0.346834659576416
1712268678.1028066,1.3629731867048476,-0.4823790987332662,-0.346834659576416
1712268678.1038258,1.2736435731252034,-0.41583273145887584,-0.3111097547743055
1712268678.1048448,1.1191556188795302,-0.3573419650395711,-0.25857316123114693
1712268678.1058638,0.9082674980163574,-0.26837997966342503,-0.21619362963570488
1712268678.106883,0.6493865119086372,-0.15980432430903116,-0.16120529837078518
1712268678.107902,0.3540729814105564,-0.08310087853007846,-0.11532333162095812
1712268678.1089213,0.03668977154625787,0.003760386672284868,-0.07294380002551608
1712268678.1099403,-0.2900951107343038,0.12181572616100311,-0.011651087552309036
1712268678.1109595,-0.6004113621181911,0.22620888219939336,0.047199146615134344
1712268678.1119785,-0.8781549003389146,0.3015260895093282,0.08047884537114038
1712268678.1129978,-1.0984584358003404,0.3705376717779371,0.09063791069719526
1712268678.1140168,-1.2546673085954454,0.4356958137618171,0.11761197613345252
1712268678.1150358,-1.3474819395277235,0.4577654931280348,0.13057354423734877
1712268678.116055,-1.3762019740210638,0.4934973849190606,0.1438854303624895
1712268678.117074,-1.3415278328789604,0.5208217766549852,0.16105074021551344
1712268678.1180933,-1.2529159916771782,0.49770113494661117,0.15299354990323386
1712268678.1191123,-1.1131686634487576,0.44620517227384776,0.1260194761885537
1712268678.1201315,-0.9222856495115492,0.39330797062979805,0.09624290797445509
1712268678.1211505,-0.6893733474943373,0.32429642147488064,0.08678447041246626
1712268678.1221695,-0.4256395830048455,0.21009450157483417,0.05210352440675099
1712268678.1231887,-0.13528724511464438,0.10219822327295938,0.006913200227750672
1712268678.1242077,0.16910793052779302,-0.026361337966389127,-0.042822808027267456
1712268678.125227,0.4710773958100213,-0.18607263763745627,-0.10691747069358826
1712268678.126246,0.748875273598565,-0.31811465819676715,-0.16365701953570047
1712268678.1272652,0.9905909167395698,-0.4182844360669454,-0.20078288184271917
1712268678.1282842,1.1748553646935356,-0.5023430122269524,-0.23755851719114515
1712268678.1293035,1.3020188278622098,-0.5751937627792358,-0.2893946237034268
1712268678.1303225,1.3696291711595323,-0.5923557281494141,-0.3310736682679918
1712268678.1313415,1.3706800672743056,-0.587802595562405,-0.344733198483785
1712268678.1323607,1.3051716486612956,-0.5576815870073106,-0.34963660769992405
1712268678.1333797,1.180460320578681,-0.4620649417241414,-0.3300229377216763
1712268678.134399,0.9968965583377414,-0.35103758176167804,-0.2883438931571113
1712268678.135418,0.7667412360509236,-0.24946681327290005,-0.2547204660044776
1712268678.1364372,0.49174583620495266,-0.13283553222815195,-0.2130414214399126
1712268678.1374562,0.1974832514921824,0.006913200227750672,-0.14929700228903028
1712268678.1384754,-0.11567357513639662,0.1379301067855623,-0.061035499804549746
1712268678.1394944,-0.42353812191221446,0.24337419205241734,0.004110699260814322
1712268678.1405134,-0.7061850362353854,0.3551239106390211,0.07137071755197313
1712268678.1415327,-0.9429500500361124,0.4150273733668857,0.12216604418224758
1712268678.1425517,-1.1310311158498128,0.4342945416768392,0.15054136514663696
1712268678.143571,-1.2616721789042156,0.4658226834403144,0.18031792508231267
1712268678.14459,-1.3345229625701904,0.481586754322052,0.20904355578952366
1712268678.1456091,-1.3527356253729925,0.4612686236699422,0.2097441918320126
1712268678.1466281,-1.31210724512736,0.4251864221360948,0.17261106106970045
1712268678.1476471,-1.2098360061645508,0.4017155037985908,0.14318479432000053
1712268678.1486664,-1.059231095843845,0.3404107689857483,0.10920447607835133
1712268678.1496854,-0.8620436986287434,0.2780551380581326,0.06261290361483891
1712268678.1507046,-0.6221265263027614,0.23076294196976554,0.026180392338169944
1712268678.1517236,-0.3436824679374695,0.14633761511908636,-0.018655968209107716
1712268678.1527429,-0.04317305154270596,0.031084768060180876,-0.07749697400463952
1712268678.1537619,0.2717495130168067,-0.07959843509727053,-0.1373887062072754
1712268678.154781,0.5803749296400282,-0.17066188984447056,-0.166809211174647
1712268678.1558,0.8557205730014377,-0.2816892663637797,-0.19272726443078783
1712268678.156819,1.0869269238577948,-0.3703010082244873,-0.22670095165570575
1712268678.1578383,1.2627838717566595,-0.4343956708908081,-0.24981705678833854
1712268678.1588573,1.3748839166429307,-0.5125001072883606,-0.27643559707535637
1712268678.1598766,1.41762203640408,-0.5569810999764336,-0.29464827643500435
1712268678.1608956,1.387144856982761,-0.549625986152225,-0.28694291909535724
1712268678.1619148,1.2894075446658664,-0.5181040035353767,-0.2687302397357093
1712268678.1629338,1.1240600215064154,-0.47362301084730357,-0.2599741352929009
1712268678.1639528,0.9075668785307143,-0.3951683309343126,-0.2571721706125471
1712268678.164972,0.6472845872243246,-0.28098877933290267,-0.22565020455254448
1712268678.165991,0.3498692313830058,-0.16996140281359354,-0.1899253163072798
1712268678.1670103,0.032135705567068525,-0.014803284365269873,-0.14089114136166042
1712268678.1680293,-0.28624243206448025,0.15264324016041225,-0.0743447740872701
1712268678.1690485,-0.583599673377143,0.273851388030582,-0.021107676956388686
1712268678.1700675,-0.8420797851350572,0.37404080231984455,0.020575390921698675
1712268678.1710868,-1.0494242774115667,0.46792457501093543,0.07277196480168237
1712268678.1721058,-1.1982780032687717,0.5379870865080092,0.14108291930622524
1712268678.1731248,-1.2942447927263048,0.5576045645607842,0.18522231115235221
1712268678.174144,-1.3296194871266682,0.5684642659293281,0.21289699607425266
1712268678.175163,-1.304401954015096,0.5488467878765529,0.22550826271375018
1712268678.1761823,-1.230500406689114,0.47177801529566443,0.20869324604670206
1712268678.1772013,-1.1096662282943726,0.3985626829995049,0.18487200140953064
1712268678.1782205,-0.9433003266652424,0.3285001715024312,0.16105074021551344
1712268678.1792395,-0.7384075058831109,0.23076294196976554,0.11936354140440622
1712268678.1802588,-0.49673911597993636,0.10990510384241739,0.0440463340944714
1712268678.1812778,-0.2179448472128974,0.007613825404809581,-0.038269638187355466
1712268678.1822968,0.08117946485678355,-0.10306479202376471,-0.10341503553920321
1712268678.183316,0.38174768288930255,-0.21829509072833592,-0.17381409804026285
1712268678.184335,0.6690039899614122,-0.28729316261079574,-0.22284825642903644
1712268678.1853542,0.9250824981265597,-0.35103758176167804,-0.2606746223237779
1712268678.1863732,1.1373718579610188,-0.4210863841904534,-0.3027039104037815
